0.99377,0.01101,0.04209,-0.10265,0.11941,0.12360,-9.36088 
0.99996,0.00713,-0.00620,-0.00042,0.01481,-0.01930,-0.09068 
0.99995,0.00727,-0.00624,-0.00042,0.02664,-0.05896,0.01960 
0.99995,0.00730,-0.00625,-0.00040,0.03950,-0.04699,0.02738 
0.99995,0.00718,-0.00622,-0.00039,0.03172,-0.05971,0.00628 
0.99996,0.00704,-0.00611,-0.00039,0.01422,-0.01811,-0.00030 
0.99995,0.00712,-0.00627,-0.00039,0.02484,-0.04175,-0.01227 
0.99995,0.00714,-0.00628,-0.00039,0.03487,-0.04998,-0.01107 
0.99995,0.00716,-0.00628,-0.00039,0.04803,-0.05761,-0.01287 
0.99995,0.00715,-0.00629,-0.00039,0.04295,-0.01062,-0.01586 
0.99996,0.00710,-0.00627,-0.00040,0.01466,-0.01377,-0.02843 
0.99996,0.00710,-0.00624,-0.00039,0.03142,-0.07242,0.01227 
0.99995,0.00718,-0.00629,-0.00039,0.05671,0.00494,-0.02843 
0.99995,0.00724,-0.00633,-0.00038,0.01182,-0.05372,-0.04684 
0.99995,0.00724,-0.00629,-0.00039,0.03038,-0.02978,-0.00853 
0.99995,0.00718,-0.00628,-0.00038,0.03367,-0.03696,-0.00449 
0.99995,0.00713,-0.00626,-0.00039,0.03352,-0.03352,-0.06554 
0.99996,0.00712,-0.00624,-0.00039,0.03142,-0.03591,-0.06913 
0.99995,0.00720,-0.00629,-0.00038,0.03711,-0.02289,-0.03980 
0.99995,0.00727,-0.00633,-0.00038,0.01362,-0.01586,-0.02289 
0.99995,0.00723,-0.00628,-0.00038,0.03965,-0.07198,0.00748 
0.99996,0.00711,-0.00623,-0.00037,0.02439,-0.06853,0.00329 
0.99996,0.00710,-0.00625,-0.00036,0.04744,-0.02708,-0.01526 
0.99995,0.00719,-0.00626,-0.00036,0.03053,-0.02993,0.00389 
0.99995,0.00725,-0.00627,-0.00036,0.02903,-0.00120,0.02439 
0.99995,0.00719,-0.00625,-0.00035,0.03950,-0.03651,0.00389 
0.99996,0.00717,-0.00621,-0.00034,0.03322,-0.04803,0.01586 
0.99995,0.00720,-0.00626,-0.00034,0.04010,-0.02364,-0.04998 
0.99995,0.00722,-0.00624,-0.00034,0.02948,-0.01496,-0.02664 
0.99996,0.00714,-0.00618,-0.00034,0.02723,-0.02963,-0.03262 
0.99996,0.00710,-0.00615,-0.00034,0.03023,-0.07123,-0.06853 
0.99996,0.00713,-0.00617,-0.00034,0.04654,-0.00658,-0.02005 
0.99995,0.00724,-0.00618,-0.00033,0.00569,-0.03801,0.00389 
0.99995,0.00728,-0.00622,-0.00033,0.02888,-0.03831,0.03696 
0.99995,0.00719,-0.00619,-0.00033,0.07198,-0.06360,-0.03262 
0.99996,0.00708,-0.00613,-0.00032,0.04624,-0.02783,0.00329 
0.99996,0.00710,-0.00617,-0.00032,0.04235,-0.03831,-0.05537 
0.99995,0.00718,-0.00622,-0.00033,0.04025,-0.02260,0.03681 
0.99995,0.00724,-0.00622,-0.00032,0.01197,-0.02005,-0.02005 
0.99995,0.00720,-0.00625,-0.00031,0.05761,-0.03965,0.01586 
0.99996,0.00713,-0.00621,-0.00031,0.06255,-0.05926,0.00150 
0.99995,0.00718,-0.00623,-0.00031,0.05432,-0.00883,0.02065 
0.99995,0.00717,-0.00627,-0.00031,0.03561,0.00823,-0.00209 
0.99996,0.00709,-0.00616,-0.00033,0.03053,-0.05552,-0.04998 
0.99996,0.00695,-0.00607,-0.00032,0.01092,-0.06120,-0.04758 
0.99996,0.00699,-0.00608,-0.00032,0.03935,-0.01287,-0.04100 
0.99996,0.00712,-0.00614,-0.00031,0.04235,-0.05791,-0.03561 
0.99995,0.00719,-0.00622,-0.00030,0.02993,-0.02753,0.00090 
0.99996,0.00717,-0.00618,-0.00030,0.04459,-0.00913,-0.00209 
0.99996,0.00695,-0.00609,-0.00030,0.05941,-0.07796,-0.03202 
0.99996,0.00693,-0.00611,-0.00030,0.06928,0.00329,0.00449 
0.99996,0.00716,-0.00617,-0.00030,0.04354,-0.05088,-0.01347 
0.99995,0.00727,-0.00633,-0.00029,0.03995,-0.07632,0.05911 
0.99995,0.00725,-0.00622,-0.00030,0.05327,0.00599,0.06075 
0.99996,0.00701,-0.00620,-0.00029,0.04893,-0.08095,0.00090 
0.99996,0.00685,-0.00614,-0.00028,0.03651,-0.03831,-0.04100 
0.99995,0.00696,-0.00684,0.00019,0.82405,-0.46956,0.66903 
0.99976,0.00797,-0.01509,0.01340,-0.67741,0.10774,3.72672 
0.99984,0.00767,-0.01319,0.00986,-0.16804,0.08245,0.59451 
0.99991,0.00883,-0.00200,0.00951,0.23493,-0.26157,-2.15403 
0.99988,0.00848,-0.00129,0.01294,0.29209,0.47959,0.49081 
0.99992,0.00614,-0.00581,0.00988,-0.49171,-0.71392,1.67774 
0.99991,0.00677,-0.00813,0.00871,0.15832,-0.27698,-0.72469 
0.99990,0.00888,-0.00620,0.00860,0.13542,0.16475,-1.04297 
0.99991,0.00997,-0.00286,0.00863,-0.11597,0.04549,0.13602 
0.99991,0.00823,-0.00633,0.00873,0.29703,-0.06659,0.35928 
0.99992,0.00698,-0.00651,0.00873,-0.01930,0.13393,-0.11941 
0.99993,0.00641,-0.00487,0.00871,-0.07991,-0.17119,-0.51430 
0.99992,0.00653,-0.00612,0.00878,-0.00209,-0.17687,-0.04773 
0.99991,0.00787,-0.00649,0.00873,0.11492,0.14275,-0.06225 
0.99991,0.00898,-0.00390,0.00872,0.11941,-0.04938,0.28596 
0.99992,0.00908,-0.00189,0.00877,-0.09263,-0.14021,0.41569 
0.99992,0.00812,-0.00294,0.00875,0.03666,0.06135,-0.18675 
0.99993,0.00742,-0.00242,0.00878,-0.03561,-0.09622,-0.14395 
0.99993,0.00746,-0.00326,0.00877,0.09637,-0.09921,-0.17912 
0.99992,0.00826,-0.00364,0.00880,-0.01422,-0.05686,0.06240 
0.99992,0.00880,-0.00390,0.00877,0.03382,-0.01481,0.00344 
0.99992,0.00848,-0.00375,0.00879,-0.01466,-0.10130,0.29000 
0.99992,0.00800,-0.00335,0.00878,0.04310,-0.02664,-0.15862 
0.99993,0.00748,-0.00310,0.00881,0.02828,-0.06973,-0.07198 
0.99993,0.00768,-0.00320,0.00880,0.06868,-0.04549,-0.13108 
0.99992,0.00823,-0.00343,0.00881,-0.00239,-0.06464,0.07437 
0.99992,0.00861,-0.00358,0.00880,0.02274,-0.03382,0.07332 
0.99992,0.00839,-0.00356,0.00880,0.02260,-0.06060,0.18211 
0.99992,0.00797,-0.00334,0.00879,0.05222,-0.06554,-0.08679 
0.99993,0.00760,-0.00319,0.00880,0.01332,-0.10325,-0.12884 
0.99993,0.00771,-0.00328,0.00879,0.07676,-0.06764,-0.11492 
0.99992,0.00801,-0.00345,0.00881,-0.14350,-0.94810,-3.33632 
0.99939,0.03227,-0.00734,0.01157,0.04863,3.61554,10.23671 
0.99958,0.02695,-0.00238,0.01019,-1.08457,-5.85457,-2.80451 
0.99964,0.02216,-0.01252,0.00812,-0.67816,1.06916,3.27811 
0.99945,0.02834,-0.00388,0.01665,-1.24843,8.20822,-1.83007 
0.99925,0.03432,0.00016,0.01820,0.45894,-0.48019,-1.00661 
0.99843,0.05071,0.00238,0.02375,-0.40148,-0.42512,1.14323 
0.99623,0.07992,0.01068,0.03195,-0.68055,0.51206,-0.21204 
0.99325,0.10513,0.02162,0.04395,0.34432,0.12749,-0.10475 
0.99009,0.12666,0.02677,0.05443,0.18705,0.59286,3.44690 
0.98348,0.16753,0.02928,0.06205,0.94855,0.89438,5.84200 
0.96136,0.26557,0.03926,0.06099,-3.02867,1.92928,5.77018 
0.90070,0.42750,0.06075,0.04797,-3.00353,0.18735,0.95110 
0.82019,0.56675,0.07050,0.03332,1.96429,-6.74581,-1.97656 
0.76148,0.64610,0.04799,0.01989,3.26928,-3.50047,-0.85114 
0.72668,0.68592,0.03676,0.00963,0.09816,-0.97983,-0.47285 
0.69950,0.71336,0.04245,-0.00225,1.74507,-0.78021,0.33459 
0.69074,0.72150,0.04724,-0.00904,0.19812,-2.61626,-0.33833 
0.69336,0.71870,0.05134,-0.00938,0.09831,-1.68103,-0.86087 
0.70240,0.70974,0.05311,-0.00911,-0.94975,-1.84054,0.50787 
0.71468,0.69754,0.05173,-0.00127,0.87643,0.58149,0.14724 
0.73432,0.67728,0.04435,0.01035,0.83812,0.07407,0.76555 
0.76489,0.64276,0.03230,0.02741,1.71021,-1.67025,0.62354 
0.81799,0.57262,0.01148,0.05359,2.78386,-1.06482,-0.06135 
0.88500,0.45877,-0.01159,0.07854,0.19588,0.49695,1.53618 
0.94600,0.31200,-0.00743,0.08762,-2.35904,-3.72044,-7.69362 
0.97712,0.19508,0.01421,0.08357,-1.82812,2.25384,1.32354 
0.99642,0.01832,0.03506,0.07470,-5.53674,1.18004,9.22666 
0.99608,0.05837,-0.01487,0.06480,0.24526,-0.02798,4.13030 
0.99785,0.02438,-0.01452,0.05903,0.24346,-0.99629,9.70909 
0.99807,0.02240,0.00992,0.05699,0.47675,-0.79398,-0.33384 
0.99856,0.01592,-0.00256,0.05108,-0.06135,-0.36272,-4.62365 
0.99851,0.01643,-0.00239,0.05195,0.13871,-0.97145,0.44876 
0.99823,0.02752,-0.00328,0.05267,0.04205,-0.15787,0.72589 
0.99818,0.02940,-0.00621,0.05220,0.20859,0.36422,1.57613 
0.99823,0.02882,-0.00482,0.05184,-0.36362,-5.57669,-1.49967 
0.99823,0.02310,-0.00639,0.05447,-0.17089,-3.91661,-1.62477 
0.99742,0.01919,-0.00951,0.06848,-0.92057,-0.58733,0.17343 
0.99612,0.01776,-0.00782,0.08580,-1.55818,0.29987,0.51894 
0.99474,0.02427,-0.01109,0.09886,0.21533,-0.08170,0.29209 
0.99372,0.02654,-0.01171,0.10805,0.64030,-0.52134,0.17971 
0.99275,0.02876,-0.01309,0.11596,0.26142,0.50203,1.35826 
0.99146,0.02802,-0.01122,0.12687,-1.88424,-0.53929,-0.53181 
0.98948,0.02379,-0.00871,0.14245,1.31711,0.24526,1.66382 
0.98836,0.01561,-0.00862,0.15107,0.07078,0.69716,0.32501 
0.98799,0.00387,-0.00595,0.15437,-2.15852,0.63177,0.03187 
0.98738,-0.01702,-0.00192,0.15741,-0.33668,0.06360,3.88714 
0.98346,-0.07305,-0.00715,0.16560,0.60379,-1.05614,3.82130 
0.96834,-0.17184,-0.02326,0.17959,-1.01559,-0.35674,2.05602 
0.93025,-0.30490,-0.05045,0.19782,-2.52020,1.43577,0.53346 
0.85622,-0.45739,-0.10042,0.21817,-1.23690,7.16839,0.10011 
0.75610,-0.59315,-0.15112,0.23162,0.59960,10.10024,3.76698 
0.68300,-0.69244,-0.12377,0.19680,10.80982,-1.25052,-7.07322 
0.67211,-0.71183,-0.10579,0.17431,2.96926,0.74684,-4.15514 
0.68056,-0.71221,-0.09093,0.14600,0.33175,-0.83528,-3.60806 
0.70375,-0.69676,-0.07359,0.11761,0.25453,1.53827,-1.14428 
0.75954,-0.64095,-0.05168,0.09804,2.90701,-0.57521,-0.72859 
0.85191,-0.51418,-0.02063,0.09713,-1.32729,8.95551,-7.07846 
0.95513,-0.27949,0.01225,0.09725,-2.10645,7.00005,-8.70577 
0.99664,-0.01514,0.00399,0.08042,-1.58736,2.23050,-8.96464 
0.99769,-0.00550,-0.00319,0.06770,-2.42308,0.03382,1.94649 
0.99746,0.00823,-0.02326,0.06682,-0.33294,-2.04255,10.22713 
0.99757,0.01928,-0.01502,0.06517,0.82869,0.72095,10.22698 
0.99781,0.00402,-0.01331,0.06472,0.50054,0.70225,4.50649 
0.99795,-0.00659,-0.01196,0.06250,0.26411,0.13452,-1.46480 
0.99796,-0.01212,-0.00923,0.06196,-0.20440,-0.59286,-1.25022 
0.99803,-0.00739,-0.01040,0.06147,0.47375,-0.31514,-1.26174 
0.99805,0.00363,-0.01529,0.06048,0.26067,0.18495,1.47528 
0.99795,0.01336,-0.01601,0.06056,-0.08455,0.05731,2.65921 
0.99797,0.01227,-0.01518,0.06066,0.04085,0.36721,1.12827 
0.99808,0.00271,-0.01218,0.06069,-0.27653,0.14380,-1.16912 
0.99806,-0.00408,-0.01218,0.06094,0.13812,0.01826,-1.12887 
0.99807,-0.00592,-0.01056,0.06088,-0.37095,-0.44457,-2.28796 
0.99809,-0.00118,-0.01164,0.06061,-0.33833,0.00973,-0.53630 
0.99805,0.00563,-0.01405,0.06048,0.01451,0.12420,1.57075 
0.99802,0.00937,-0.01455,0.06051,-0.22595,-0.04369,1.46794 
0.99806,0.00613,-0.01389,0.06046,-0.06734,0.04280,0.64419 
0.99809,0.00060,-0.01210,0.06051,0.23388,0.01841,-0.93703 
0.99809,-0.00354,-0.01068,0.06070,0.22131,-0.45445,-0.39459 
0.99809,-0.00240,-0.01166,0.06070,0.10026,-0.12315,-1.35976 
0.99809,0.00208,-0.01247,0.06054,-0.43949,0.14739,-0.18450 
0.99806,0.00599,-0.01356,0.06046,-0.17134,0.13198,1.10477 
0.99805,0.00646,-0.01365,0.06052,-0.05282,0.08634,0.55486 
0.99809,0.00259,-0.01210,0.06052,-0.37948,-0.19273,-0.22221 
0.99810,-0.00110,-0.01129,0.06061,0.11537,-0.27054,-0.73278 
0.99810,-0.00203,-0.01090,0.06066,0.01646,-0.06479,-0.92671 
0.99809,0.00038,-0.01153,0.06065,-0.41779,0.14500,-0.14006 
0.99808,0.00349,-0.01239,0.06059,-0.16071,0.03427,0.47106 
0.99807,0.00505,-0.01266,0.06053,-0.01811,0.06015,0.90426 
0.99808,0.00383,-0.01245,0.06053,-0.20111,0.12091,0.15577 
0.99810,0.00108,-0.01139,0.06055,-0.11657,-0.02574,-0.57221 
0.99810,-0.00082,-0.01069,0.06060,-0.05806,-0.14560,-0.51805 
0.99810,-0.00008,-0.01098,0.06060,-0.07901,-0.04130,-0.29718 
0.99809,0.00217,-0.01163,0.06059,-0.12151,-0.00195,0.01511 
0.99808,0.00401,-0.01208,0.06056,-0.04564,0.05896,0.44951 
0.99809,0.00405,-0.01200,0.06054,-0.07287,0.02873,0.58478 
0.99810,0.00237,-0.01146,0.06054,0.00733,-0.02948,-0.04908 
0.99810,0.00059,-0.01082,0.06058,-0.13602,-0.09711,-0.44023 
0.99811,0.00033,-0.01068,0.06058,-0.10849,-0.04369,-0.50503 
0.99810,0.00142,-0.01098,0.06056,-0.00015,-0.01137,-0.10549 
0.99810,0.00292,-0.01141,0.06055,0.00838,-0.01047,0.24615 
0.99809,0.00378,-0.01163,0.06053,-0.09457,0.00195,0.36422 
0.99810,0.00315,-0.01135,0.06054,-0.00688,-0.00658,0.13841 
0.99811,0.00172,-0.01082,0.06055,-0.00314,-0.08440,-0.11941 
0.99811,0.00099,-0.01063,0.06056,-0.09562,-0.06015,-0.30810 
0.99811,0.00142,-0.01070,0.06056,-0.09457,-0.01003,-0.29239 
0.99810,0.00239,-0.01093,0.06056,0.01646,-0.02319,0.06988 
0.99810,0.00324,-0.01120,0.06054,-0.02918,-0.00359,0.27054 
0.99810,0.00325,-0.01112,0.06053,-0.05118,0.01885,0.25498 
0.99811,0.00245,-0.01078,0.06053,-0.05417,-0.00060,0.00703 
0.99811,0.00169,-0.01048,0.06055,-0.07676,-0.04010,-0.21473 
0.99811,0.00177,-0.01048,0.06055,-0.09307,0.00748,-0.20036 
0.99811,0.00236,-0.01060,0.06055,-0.07946,-0.02439,0.02903 
0.99810,0.00299,-0.01072,0.06054,-0.02544,-0.00239,0.13273 
0.99810,0.00318,-0.01075,0.06055,-0.06360,-0.01377,0.15368 
0.99811,0.00273,-0.01051,0.06055,-0.03546,-0.04594,-0.05177 
0.99811,0.00220,-0.01031,0.06056,-0.02738,-0.07781,-0.12495 
0.99811,0.00215,-0.01027,0.06056,-0.05402,0.00209,-0.16625 
0.99811,0.00252,-0.01032,0.06056,-0.03457,-0.04504,0.00254 
0.99811,0.00297,-0.01044,0.06056,-0.06539,-0.01781,0.09008 
0.99811,0.00316,-0.01045,0.06055,0.00000,0.00643,0.09966 
0.99811,0.00289,-0.01029,0.06055,-0.06360,-0.01885,0.02050 
0.99811,0.00249,-0.01011,0.06054,-0.05611,-0.03516,-0.11298 
0.99811,0.00239,-0.01003,0.06055,-0.03591,-0.03995,-0.13288 
0.99811,0.00269,-0.01008,0.06055,-0.06045,-0.02649,-0.03217 
0.99811,0.00308,-0.01017,0.06054,-0.03397,0.03053,0.08634 
0.99811,0.00317,-0.01013,0.06055,-0.06075,-0.04489,0.07257 
0.99811,0.00302,-0.01006,0.06054,-0.11073,-0.00913,-0.09622 
0.99811,0.00270,-0.00982,0.06055,-0.04100,-0.04549,-0.06704 
0.99811,0.00263,-0.00984,0.06055,0.00404,-0.02020,0.05327 
0.99811,0.00291,-0.00990,0.06054,-0.01422,-0.02215,0.03591 
0.99811,0.00318,-0.00989,0.06054,-0.07661,-0.03576,-0.03457 
0.99811,0.00322,-0.00989,0.06054,-0.01018,-0.01571,-0.02918 
0.99811,0.00307,-0.00980,0.06055,-0.00224,-0.01451,0.02454 
0.99811,0.00288,-0.00968,0.06056,-0.02903,-0.03008,-0.05387 
0.99811,0.00286,-0.00965,0.06056,-0.04325,-0.04115,-0.11492 
0.99811,0.00307,-0.00969,0.06056,-0.02813,-0.02424,-0.00239 
0.99811,0.00329,-0.00972,0.06057,-0.00284,-0.00389,-0.03412 
0.99811,0.00329,-0.00969,0.06056,-0.02364,-0.03397,0.11073 
0.99811,0.00316,-0.00959,0.06056,-0.03412,-0.05417,-0.00539 
0.99811,0.00303,-0.00952,0.06058,-0.01586,-0.05537,-0.05626 
0.99811,0.00303,-0.00951,0.06057,-0.04145,-0.04878,-0.08021 
0.99811,0.00316,-0.00952,0.06059,-0.01541,-0.02200,0.03950 
0.99811,0.00334,-0.00955,0.06059,-0.06225,-0.02978,0.04908 
0.99811,0.00336,-0.00951,0.06058,-0.01437,-0.02708,0.01437 
0.99811,0.00318,-0.00941,0.06058,-0.04145,-0.03696,-0.02529 
0.99811,0.00307,-0.00937,0.06058,-0.02484,-0.06419,-0.07437 
0.99811,0.00312,-0.00935,0.06059,-0.02574,-0.01900,-0.05821 
0.99811,0.00325,-0.00935,0.06058,-0.02903,-0.03711,0.00045 
0.99811,0.00339,-0.00935,0.06057,-0.03516,-0.02439,0.02140 
0.99811,0.00339,-0.00931,0.06057,-0.00554,-0.02798,-0.00434 
0.99812,0.00322,-0.00923,0.06057,-0.04459,-0.04579,-0.03427 
0.99812,0.00316,-0.00920,0.06056,-0.00853,-0.04519,-0.08754 
0.99812,0.00326,-0.00919,0.06055,-0.02454,-0.04579,-0.00733 
0.99812,0.00337,-0.00919,0.06056,-0.02843,-0.03083,-0.00314 
0.99812,0.00343,-0.00920,0.06056,-0.03531,-0.05402,0.04953 
0.99812,0.00342,-0.00915,0.06055,-0.03187,-0.03412,-0.01152 
0.99812,0.00331,-0.00908,0.06054,-0.01601,-0.02484,-0.03307 
0.99812,0.00324,-0.00904,0.06055,-0.03367,-0.05641,-0.04923 
0.99812,0.00335,-0.00906,0.06057,0.00180,-0.00838,-0.02349 
0.99812,0.00347,-0.00907,0.06056,-0.03995,-0.03516,0.04295 
0.99812,0.00347,-0.00905,0.06056,-0.03771,-0.06345,0.01900 
0.99812,0.00346,-0.00899,0.06056,-0.02828,-0.03876,-0.03127 
0.99812,0.00339,-0.00894,0.06056,-0.01766,-0.02140,-0.03142 
0.99812,0.00334,-0.00891,0.06056,-0.04624,-0.04654,-0.02304 
0.99812,0.00342,-0.00891,0.06057,-0.04504,-0.04998,-0.03083 
0.99812,0.00352,-0.00890,0.06057,-0.01990,-0.02200,0.01781 
0.99812,0.00350,-0.00887,0.06057,-0.02334,-0.05043,0.02364 
0.99812,0.00347,-0.00884,0.06057,-0.01990,-0.05222,-0.01586 
0.99812,0.00344,-0.00881,0.06058,-0.02634,-0.06135,-0.03083 
0.99812,0.00339,-0.00876,0.06057,-0.06000,-0.05133,-0.05357 
0.99812,0.00342,-0.00876,0.06057,-0.01466,-0.06330,-0.04699 
0.99812,0.00352,-0.00876,0.06057,0.00135,-0.04250,0.00150 
0.99812,0.00353,-0.00873,0.06057,-0.01362,-0.05956,0.00389 
0.99812,0.00346,-0.00869,0.06056,-0.01915,-0.03741,0.02065 
0.99812,0.00346,-0.00865,0.06056,-0.02035,-0.01885,-0.04100 
0.99812,0.00347,-0.00865,0.06056,-0.00524,-0.05312,-0.03142 
0.99812,0.00352,-0.00866,0.06056,-0.00434,-0.02364,-0.03801 
0.99812,0.00362,-0.00867,0.06056,0.00195,-0.04160,0.04339 
0.99812,0.00360,-0.00866,0.06056,-0.00075,-0.05312,-0.02125 
0.99812,0.00353,-0.00861,0.06057,0.00075,-0.06404,-0.05058 
0.99812,0.00351,-0.00859,0.06056,-0.00958,-0.05626,-0.03561 
0.99812,0.00350,-0.00857,0.06056,-0.00793,-0.08065,-0.06853 
0.99812,0.00353,-0.00858,0.06056,-0.00419,-0.07048,-0.02304 
0.99812,0.00358,-0.00858,0.06056,-0.01018,-0.05237,-0.03741 
0.99812,0.00360,-0.00856,0.06055,-0.01631,-0.03726,-0.03921 
0.99812,0.00354,-0.00851,0.06055,0.00389,-0.03367,-0.02125 
0.99812,0.00352,-0.00848,0.06055,-0.00269,-0.05417,-0.02783 
0.99812,0.00359,-0.00848,0.06055,-0.02379,-0.03531,0.02544 
0.99812,0.00363,-0.00847,0.06055,0.00928,-0.06419,0.00928 
0.99812,0.00362,-0.00845,0.06054,0.00748,-0.03876,-0.00030 
0.99812,0.00363,-0.00844,0.06054,0.01227,-0.04938,-0.09188 
0.99812,0.00361,-0.00842,0.06054,-0.00404,-0.05567,-0.02723 
0.99812,0.00360,-0.00841,0.06053,0.01122,-0.03801,0.02230 
0.99812,0.00365,-0.00840,0.06053,-0.02035,-0.04444,-0.01900 
0.99812,0.00369,-0.00839,0.06052,-0.01496,-0.04564,-0.00703 
0.99813,0.00366,-0.00838,0.06052,-0.02544,-0.06794,-0.02679 
0.99813,0.00365,-0.00837,0.06052,-0.02409,-0.07976,-0.04354 
0.99813,0.00366,-0.00834,0.06052,-0.01137,-0.04758,-0.01481 
0.99813,0.00363,-0.00833,0.06053,-0.01122,-0.05492,-0.02619 
0.99813,0.00365,-0.00833,0.06053,0.00793,-0.06419,0.00015 
0.99813,0.00370,-0.00832,0.06053,-0.00868,-0.02693,-0.00105 
0.99813,0.00367,-0.00830,0.06053,-0.01900,-0.07003,0.00853 
0.99812,0.00363,-0.00828,0.06054,0.01975,-0.06449,0.00075 
0.99812,0.00366,-0.00828,0.06055,0.00643,-0.04220,-0.03876 
0.99812,0.00364,-0.00828,0.06054,0.00599,-0.04325,-0.00045 
0.99813,0.00363,-0.00825,0.06054,-0.01332,-0.06195,-0.01541 
0.99812,0.00365,-0.00825,0.06055,-0.00554,-0.05402,-0.07527 
0.99812,0.00365,-0.00825,0.06055,-0.00539,-0.03442,-0.03277 
0.99812,0.00362,-0.00821,0.06056,0.00733,-0.05237,-0.00524 
0.99812,0.00363,-0.00820,0.06056,-0.01227,-0.04953,-0.04055 
0.99812,0.00364,-0.00819,0.06057,0.01077,-0.03546,-0.01900 
0.99812,0.00363,-0.00819,0.06058,0.00643,-0.08499,-0.02619 
0.99812,0.00363,-0.00817,0.06058,-0.00703,-0.01900,-0.00943 
0.99812,0.00361,-0.00815,0.06058,-0.00464,-0.05761,-0.04594 
0.99812,0.00359,-0.00813,0.06058,-0.01392,-0.03621,-0.04295 
0.99812,0.00359,-0.00813,0.06057,-0.00718,-0.04235,-0.02020 
0.99812,0.00361,-0.00811,0.06056,-0.00509,-0.02723,0.00135 
0.99812,0.00359,-0.00808,0.06057,-0.02349,-0.07048,-0.00165 
0.99813,0.00355,-0.00807,0.06057,0.01137,-0.05851,-0.04414 
0.99812,0.00352,-0.00807,0.06057,0.02274,-0.08185,-0.03636 
0.99812,0.00354,-0.00807,0.06058,0.00060,-0.03831,-0.06449 
0.99812,0.00351,-0.00804,0.06059,-0.00958,-0.06659,0.04205 
0.99812,0.00345,-0.00800,0.06060,-0.00584,-0.05701,0.03232 
0.99812,0.00346,-0.00801,0.06060,0.00299,-0.04519,-0.05806 
0.99812,0.00351,-0.00801,0.06059,0.02095,-0.03546,0.01990 
0.99812,0.00346,-0.00797,0.06060,-0.03097,-0.03995,0.00718 
0.99812,0.00345,-0.00798,0.06060,0.01317,-0.04579,0.01018 
0.99812,0.00348,-0.00797,0.06060,-0.00464,-0.05043,-0.04369 
0.99812,0.00343,-0.00794,0.06061,-0.01526,-0.05252,-0.01317 
0.99812,0.00340,-0.00793,0.06061,0.01422,-0.06823,-0.02394 
0.99812,0.00346,-0.00795,0.06061,0.02274,-0.04833,-0.00359 
0.99812,0.00344,-0.00793,0.06062,0.01422,-0.04788,0.01317 
0.99812,0.00342,-0.00791,0.06064,0.01032,-0.05462,-0.02095 
0.99812,0.00343,-0.00788,0.06065,-0.00883,-0.06809,-0.05866 
0.99812,0.00338,-0.00786,0.06066,-0.00718,-0.02529,-0.01975 
0.99812,0.00336,-0.00786,0.06067,-0.00599,-0.03756,-0.01317 
0.99812,0.00341,-0.00786,0.06068,-0.00120,-0.04519,-0.03292 
0.99812,0.00339,-0.00782,0.06067,0.00808,-0.03322,0.00419 
0.99812,0.00332,-0.00781,0.06067,-0.01751,-0.05357,-0.02514 
0.99812,0.00336,-0.00781,0.06067,0.03457,-0.03097,0.01137 
0.99812,0.00338,-0.00779,0.06067,-0.00823,-0.04519,-0.01377 
0.99812,0.00333,-0.00778,0.06068,0.01661,-0.04175,-0.00060 
0.99812,0.00335,-0.00780,0.06067,0.03112,-0.05956,0.00120 
0.99812,0.00335,-0.00779,0.06067,-0.01466,-0.05237,0.01796 
0.99812,0.00330,-0.00776,0.06067,-0.02005,-0.06330,-0.03053 
0.99812,0.00327,-0.00775,0.06067,-0.01736,-0.07003,-0.01556 
0.99812,0.00328,-0.00775,0.06068,0.00524,0.00823,-0.00239 
0.99812,0.00324,-0.00775,0.06068,0.00299,-0.04669,0.00539 
0.99812,0.00324,-0.00776,0.06068,0.00868,-0.07721,-0.04429 
0.99812,0.00326,-0.00776,0.06068,0.00150,-0.03202,-0.01616 
0.99812,0.00321,-0.00773,0.06068,-0.03502,-0.03172,0.00539 
0.99812,0.00321,-0.00772,0.06069,-0.00479,-0.02918,-0.02215 
0.99812,0.00323,-0.00772,0.06068,0.01856,-0.04220,0.01796 
0.99812,0.00320,-0.00769,0.06070,-0.00299,-0.05791,-0.01018 
0.99812,0.00321,-0.00770,0.06070,-0.01870,-0.03412,0.01018 
0.99812,0.00322,-0.00769,0.06069,0.01796,-0.05776,-0.06225 
0.99812,0.00318,-0.00769,0.06069,-0.00584,-0.06000,-0.04848 
0.99812,0.00314,-0.00768,0.06070,0.00254,-0.05806,-0.02334 
0.99812,0.00314,-0.00767,0.06070,0.01661,-0.03876,-0.02768 
0.99812,0.00314,-0.00767,0.06068,0.00524,-0.02798,-0.01332 
0.99812,0.00313,-0.00766,0.06068,-0.02260,-0.04280,-0.00913 
0.99812,0.00312,-0.00763,0.06068,-0.00539,-0.03906,-0.01272 
0.99812,0.00310,-0.00761,0.06068,-0.01451,-0.01721,-0.01631 
0.99812,0.00309,-0.00762,0.06067,0.01407,-0.05162,-0.02888 
0.99812,0.00310,-0.00760,0.06068,0.01377,-0.03816,0.01302 
0.99812,0.00307,-0.00759,0.06068,-0.00628,-0.06195,-0.00673 
0.99812,0.00304,-0.00760,0.06068,0.03307,-0.03995,0.00464 
0.99812,0.00304,-0.00758,0.06069,0.00224,-0.02619,-0.00254 
0.99812,0.00304,-0.00759,0.06068,0.01407,-0.03397,-0.01811 
0.99812,0.00304,-0.00757,0.06069,0.01392,-0.02260,0.00404 
0.99812,0.00304,-0.00759,0.06070,0.00165,-0.03502,-0.03606 
0.99812,0.00305,-0.00757,0.06070,0.01377,-0.04190,0.01062 
0.99812,0.00304,-0.00754,0.06071,-0.01541,-0.08125,-0.01392 
0.99812,0.00302,-0.00753,0.06072,0.01003,-0.02873,-0.05522 
0.99812,0.00301,-0.00752,0.06072,0.02200,-0.03935,-0.02170 
0.99812,0.00301,-0.00752,0.06073,0.02693,-0.01676,-0.03427 
0.99812,0.00302,-0.00751,0.06074,-0.01242,-0.05028,-0.03247 
0.99812,0.00301,-0.00749,0.06074,0.03053,-0.03053,0.00524 
0.99812,0.00302,-0.00749,0.06072,0.02155,-0.04250,-0.03666 
0.99812,0.00299,-0.00747,0.06072,-0.00329,-0.06838,-0.05222 
0.99812,0.00296,-0.00746,0.06072,-0.00180,-0.04100,-0.04863 
0.99812,0.00297,-0.00745,0.06072,0.01152,-0.03935,-0.03965 
0.99812,0.00297,-0.00746,0.06072,0.03531,-0.03756,-0.01930 
0.99812,0.00295,-0.00745,0.06071,0.02529,-0.04010,-0.02649 
0.99812,0.00296,-0.00747,0.06072,0.02918,-0.02843,0.03516 
0.99812,0.00297,-0.00746,0.06074,0.00479,-0.05791,-0.03487 
0.99812,0.00293,-0.00743,0.06074,0.01915,-0.08230,-0.02050 
0.99812,0.00293,-0.00746,0.06075,0.03771,-0.00030,-0.01152 
0.99812,0.00298,-0.00746,0.06075,0.00778,-0.04669,-0.03965 
0.99812,0.00293,-0.00743,0.06076,0.02035,-0.05836,-0.00793 
0.99812,0.00294,-0.00744,0.06078,0.02604,-0.02544,-0.02110 
0.99812,0.00298,-0.00744,0.06078,0.01242,-0.02813,-0.02948 
0.99812,0.00295,-0.00742,0.06079,0.00389,-0.05806,0.02140 
0.99812,0.00291,-0.00742,0.06079,0.00688,-0.05492,-0.04983 
0.99812,0.00293,-0.00740,0.06080,-0.00539,0.00030,-0.03487 
0.99812,0.00291,-0.00738,0.06080,0.01362,-0.04729,-0.06719 
0.99812,0.00289,-0.00736,0.06080,-0.01227,-0.04325,-0.00015 
0.99812,0.00290,-0.00734,0.06079,-0.01541,-0.02439,-0.01631 
0.99812,0.00288,-0.00732,0.06080,0.01302,-0.03412,-0.01451 
0.99812,0.00283,-0.00731,0.06081,0.00973,-0.05956,0.01302 
0.99812,0.00288,-0.00730,0.06082,-0.00165,-0.01437,-0.03786 
0.99812,0.00288,-0.00730,0.06081,0.02170,-0.02409,0.03337 
0.99812,0.00282,-0.00726,0.06081,-0.02230,-0.04085,-0.00509 
0.99812,0.00286,-0.00726,0.06082,0.00224,-0.00868,-0.03621 
0.99812,0.00291,-0.00724,0.06081,-0.00449,-0.01197,-0.02604 
0.99812,0.00284,-0.00720,0.06082,0.00329,-0.04130,-0.02304 
0.99812,0.00286,-0.00721,0.06082,0.01631,-0.03277,-0.01586 
0.99812,0.00290,-0.00722,0.06082,0.02215,-0.01018,0.00269 
0.99812,0.00285,-0.00719,0.06083,0.01092,-0.05641,-0.00928 
0.99812,0.00284,-0.00721,0.06083,0.02843,-0.05851,-0.05177 
0.99812,0.00288,-0.00723,0.06085,0.03442,-0.05387,-0.04339 
0.99812,0.00282,-0.00720,0.06085,0.00404,-0.03307,-0.00569 
0.99812,0.00281,-0.00719,0.06086,0.00658,-0.03217,0.01826 
0.99812,0.00289,-0.00719,0.06085,0.00539,-0.00150,-0.03980 
0.99812,0.00287,-0.00717,0.06086,0.01003,-0.05013,0.00329 
0.99812,0.00281,-0.00717,0.06086,0.02439,-0.06584,-0.00928 
0.99812,0.00284,-0.00717,0.06086,0.01586,-0.06165,-0.00569 
0.99812,0.00282,-0.00714,0.06086,0.02559,-0.04519,0.01526 
0.99812,0.00277,-0.00715,0.06086,0.01811,-0.03861,-0.04818 
0.99812,0.00281,-0.00717,0.06087,0.01003,-0.02993,-0.01945 
0.99812,0.00281,-0.00715,0.06088,0.01706,-0.01856,-0.00509 
0.99812,0.00273,-0.00715,0.06088,0.03442,-0.05103,-0.01646 
0.99811,0.00276,-0.00718,0.06089,0.01945,-0.05641,-0.03442 
0.99811,0.00276,-0.00719,0.06089,0.05207,-0.02245,0.01047 
0.99811,0.00271,-0.00718,0.06090,0.00943,-0.04474,0.00988 
0.99811,0.00271,-0.00717,0.06090,0.00718,-0.04354,-0.03382 
0.99811,0.00272,-0.00717,0.06090,0.04534,-0.04564,-0.03322 
0.99811,0.00266,-0.00715,0.06090,0.02304,-0.03068,-0.01287 
0.99811,0.00268,-0.00716,0.06091,0.02589,-0.01481,-0.04639 
0.99811,0.00274,-0.00718,0.06091,0.03038,0.00748,-0.03741 
0.99811,0.00269,-0.00718,0.06092,0.02664,-0.06704,0.05058 
0.99811,0.00267,-0.00719,0.06091,0.02409,-0.05836,-0.06315 
0.99811,0.00270,-0.00721,0.06091,0.02020,-0.02289,0.00509 
0.99811,0.00262,-0.00718,0.06091,0.00703,-0.02978,0.00569 
0.99811,0.00262,-0.00720,0.06092,0.00733,-0.02798,-0.04758 
0.99811,0.00266,-0.00720,0.06092,0.02993,-0.03232,0.00509 
0.99811,0.00262,-0.00719,0.06093,0.00209,-0.02140,-0.02783 
0.99811,0.00257,-0.00719,0.06093,0.00748,-0.04489,0.00569 
0.99811,0.00260,-0.00719,0.06094,0.01182,-0.00673,-0.01826 
0.99811,0.00257,-0.00717,0.06095,0.03367,-0.03307,0.00449 
0.99811,0.00255,-0.00719,0.06096,0.02783,-0.02110,-0.03202 
0.99811,0.00259,-0.00717,0.06097,-0.00105,-0.03831,-0.02005 
0.99811,0.00257,-0.00716,0.06096,0.02843,-0.01571,-0.01826 
0.99811,0.00253,-0.00715,0.06098,-0.01496,-0.04250,-0.10505 
0.99811,0.00255,-0.00712,0.06099,-0.00239,-0.05073,-0.02544 
0.99811,0.00256,-0.00712,0.06099,0.02200,-0.00898,0.02604 
0.99811,0.00250,-0.00710,0.06099,-0.01885,-0.04534,-0.02723 
0.99811,0.00254,-0.00709,0.06100,-0.02873,-0.00254,-0.00449 
0.99811,0.00256,-0.00707,0.06101,0.00150,-0.02215,0.01766 
0.99811,0.00250,-0.00707,0.06101,0.01885,-0.03531,0.03681 
0.99811,0.00251,-0.00707,0.06102,0.02783,-0.04339,-0.03382 
0.99811,0.00254,-0.00706,0.06103,0.02080,-0.02125,-0.02245 
0.99811,0.00250,-0.00706,0.06104,0.03591,-0.06524,-0.04280 
0.99811,0.00250,-0.00708,0.06106,0.02170,-0.02514,0.00628 
0.99811,0.00253,-0.00708,0.06107,0.00793,-0.03457,-0.02544 
0.99810,0.00247,-0.00706,0.06108,-0.00479,-0.05746,-0.00868 
0.99810,0.00246,-0.00707,0.06108,0.03038,-0.03038,-0.01167 
0.99810,0.00252,-0.00708,0.06107,0.03382,-0.00045,0.03262 
0.99811,0.00249,-0.00708,0.06107,0.03367,-0.03935,0.01885 
0.99810,0.00248,-0.00708,0.06109,0.02185,-0.04803,-0.04220 
0.99810,0.00251,-0.00709,0.06111,0.03591,-0.02289,0.00628 
0.99810,0.00248,-0.00709,0.06111,0.02215,-0.03068,-0.01167 
0.99810,0.00243,-0.00709,0.06112,0.02529,-0.03756,-0.00688 
0.99810,0.00248,-0.00712,0.06112,0.03112,-0.02649,0.03681 
0.99810,0.00248,-0.00711,0.06112,0.01287,-0.03127,0.01227 
0.99810,0.00243,-0.00712,0.06115,0.02888,-0.03576,-0.01945 
0.99810,0.00245,-0.00712,0.06116,0.01571,-0.01826,-0.02364 
0.99810,0.00245,-0.00711,0.06117,0.02304,-0.02888,-0.01167 
0.99810,0.00241,-0.00710,0.06118,0.00404,-0.02499,0.00209 
0.99810,0.00244,-0.00711,0.06118,0.02664,-0.03112,-0.04639 
0.99810,0.00243,-0.00710,0.06118,0.03097,-0.02798,-0.05596 
0.99810,0.00239,-0.00710,0.06117,0.01736,-0.03801,-0.02903 
0.99810,0.00242,-0.00708,0.06117,0.00389,-0.03741,0.01466 
0.99810,0.00243,-0.00707,0.06117,0.01302,-0.03157,-0.02783 
0.99810,0.00237,-0.00705,0.06117,0.00030,-0.04474,0.02005 
0.99810,0.00238,-0.00705,0.06117,0.02843,-0.03651,-0.01766 
0.99810,0.00242,-0.00706,0.06117,-0.00165,-0.04564,-0.06913 
0.99810,0.00237,-0.00704,0.06119,0.02978,0.00419,-0.02783 
0.99810,0.00238,-0.00704,0.06120,0.03711,-0.02394,0.00269 
0.99810,0.00244,-0.00705,0.06120,0.03083,-0.02155,-0.01706 
0.99810,0.00241,-0.00704,0.06121,0.02439,-0.03651,0.01466 
0.99810,0.00236,-0.00703,0.06120,0.02349,-0.04519,0.00688 
0.99810,0.00240,-0.00704,0.06121,0.03277,-0.00643,-0.00329 
0.99810,0.00240,-0.00702,0.06121,0.01945,-0.00823,-0.02903 
0.99810,0.00237,-0.00702,0.06120,0.00928,-0.03337,-0.02185 
0.99810,0.00243,-0.00702,0.06120,0.02424,-0.01885,-0.05058 
0.99810,0.00241,-0.00699,0.06119,0.02185,-0.00554,-0.03023 
0.99810,0.00240,-0.00699,0.06119,0.02185,-0.04010,-0.05776 
0.99810,0.00245,-0.00699,0.06118,0.02469,-0.01466,-0.05537 
0.99810,0.00245,-0.00699,0.06117,0.02649,-0.00030,-0.03202 
0.99810,0.00240,-0.00700,0.06117,0.01870,-0.04235,-0.00928 
0.99810,0.00243,-0.00699,0.06118,0.01870,-0.01601,-0.03681 
0.99810,0.00243,-0.00698,0.06118,0.02020,-0.00718,-0.02424 
0.99810,0.00241,-0.00701,0.06119,0.01257,-0.02155,-0.05776 
0.99810,0.00245,-0.00699,0.06117,0.02948,-0.03502,-0.04818 
0.99810,0.00247,-0.00697,0.06117,0.00898,0.02738,-0.04220 
0.99810,0.00245,-0.00695,0.06116,0.01167,-0.02484,0.01167 
0.99810,0.00247,-0.00695,0.06115,0.04175,-0.02274,-0.02544 
0.99810,0.00250,-0.00694,0.06115,0.04609,-0.00673,-0.01047 
0.99810,0.00245,-0.00694,0.06115,0.02873,-0.03995,-0.02065 
0.99810,0.00248,-0.00695,0.06116,0.02439,0.00030,-0.04280 
0.99810,0.00250,-0.00696,0.06115,0.03187,-0.04983,-0.00389 
0.99810,0.00243,-0.00695,0.06116,0.01601,-0.03831,-0.01287 
0.99810,0.00242,-0.00694,0.06117,0.03187,-0.01826,-0.01586 
0.99810,0.00245,-0.00693,0.06117,0.01930,-0.02978,-0.01407 
0.99810,0.00241,-0.00693,0.06117,0.03442,-0.06599,-0.01586 
0.99810,0.00238,-0.00694,0.06117,0.04848,-0.02304,-0.01586 
0.99810,0.00243,-0.00694,0.06119,0.03651,-0.00105,-0.01047 
0.99810,0.00237,-0.00693,0.06121,0.01826,-0.05806,-0.01766 
0.99810,0.00233,-0.00694,0.06122,0.03427,-0.02903,-0.04878 
0.99810,0.00237,-0.00694,0.06122,0.01990,-0.01915,-0.03921 
0.99810,0.00233,-0.00693,0.06122,0.02020,-0.04654,-0.02245 
0.99810,0.00231,-0.00694,0.06124,0.04624,-0.03950,0.00793 
0.99810,0.00236,-0.00696,0.06123,0.03636,-0.01586,-0.02364 
0.99810,0.00232,-0.00693,0.06123,0.02125,-0.01152,-0.02439 
0.99810,0.00229,-0.00693,0.06123,0.02918,-0.04384,-0.02379 
0.99810,0.00233,-0.00694,0.06124,0.05282,-0.01541,0.00688 
0.99810,0.00233,-0.00693,0.06124,0.01885,-0.02499,0.00150 
0.99810,0.00229,-0.00693,0.06124,0.02319,-0.01466,-0.01541 
0.99810,0.00232,-0.00693,0.06125,0.02903,-0.01092,-0.00045 
0.99809,0.00231,-0.00693,0.06126,0.03502,-0.03472,-0.03097 
0.99809,0.00226,-0.00693,0.06127,0.01766,-0.03681,-0.02619 
0.99809,0.00226,-0.00693,0.06128,0.01481,-0.01766,-0.05611 
0.99809,0.00229,-0.00692,0.06129,-0.01317,-0.01152,-0.02379 
0.99809,0.00225,-0.00688,0.06129,-0.01003,-0.04684,0.00254 
0.99809,0.00226,-0.00687,0.06130,0.05537,-0.05058,-0.02619 
0.99809,0.00226,-0.00687,0.06132,0.04579,-0.01571,-0.02918 
0.99809,0.00224,-0.00686,0.06134,0.00120,-0.00778,-0.00643 
0.99809,0.00223,-0.00686,0.06134,0.04429,-0.00988,-0.03097 
0.99809,0.00224,-0.00689,0.06135,0.03367,-0.03038,-0.05312 
0.99809,0.00219,-0.00688,0.06135,0.01766,-0.04504,-0.02738 
0.99809,0.00217,-0.00687,0.06136,0.03038,-0.04115,0.02649 
0.99809,0.00220,-0.00688,0.06136,0.03307,-0.01930,0.02170 
0.99809,0.00216,-0.00686,0.06137,0.00539,-0.04085,-0.04953 
0.99809,0.00216,-0.00686,0.06138,0.03846,-0.01451,-0.03756 
0.99809,0.00218,-0.00686,0.06138,0.00838,-0.00958,-0.02020 
0.99809,0.00215,-0.00684,0.06138,0.01721,-0.02020,-0.02080 
0.99809,0.00214,-0.00683,0.06138,0.02394,-0.01227,0.03008 
0.99809,0.00213,-0.00684,0.06140,0.03891,-0.02708,-0.02858 
0.99809,0.00211,-0.00683,0.06140,0.01212,-0.01481,-0.00643 
0.99809,0.00211,-0.00683,0.06141,0.02708,-0.02319,0.00195 
0.99809,0.00215,-0.00685,0.06141,0.04519,-0.00763,-0.02080 
0.99809,0.00213,-0.00685,0.06141,0.02918,-0.02230,-0.01362 
0.99809,0.00208,-0.00683,0.06142,0.01885,-0.03696,-0.03516 
0.99809,0.00211,-0.00682,0.06142,0.01885,-0.01422,0.01631 
0.99809,0.00213,-0.00683,0.06143,0.02768,-0.01212,-0.03696 
0.99809,0.00210,-0.00682,0.06142,0.01601,0.00030,-0.03876 
0.99809,0.00211,-0.00682,0.06143,-0.00254,-0.03277,0.00913 
0.99809,0.00213,-0.00681,0.06143,0.02858,-0.01332,-0.01721 
0.99809,0.00207,-0.00679,0.06142,-0.00135,-0.02005,-0.00344 
0.99809,0.00208,-0.00679,0.06142,0.04115,-0.03756,0.01272 
0.99809,0.00212,-0.00680,0.06143,0.03651,0.01197,-0.03816 
0.99809,0.00209,-0.00678,0.06144,0.02319,-0.02274,0.00614 
0.99809,0.00208,-0.00677,0.06144,0.04744,-0.00883,-0.03636 
0.99809,0.00211,-0.00677,0.06143,0.02155,-0.02140,-0.01362 
0.99809,0.00209,-0.00676,0.06143,0.02544,-0.01556,-0.03157 
0.99809,0.00208,-0.00677,0.06143,0.02529,-0.02260,-0.05312 
0.99809,0.00210,-0.00676,0.06142,0.04459,-0.03801,0.01571 
0.99809,0.00208,-0.00676,0.06143,0.02319,-0.01915,-0.01422 
0.99809,0.00205,-0.00676,0.06143,0.03023,-0.04848,-0.02738 
0.99809,0.00208,-0.00677,0.06144,0.02289,-0.00883,-0.03995 
0.99809,0.00206,-0.00676,0.06144,0.02245,-0.00718,-0.01721 
0.99809,0.00202,-0.00676,0.06144,-0.00209,-0.01601,-0.00823 
0.99809,0.00207,-0.00678,0.06144,0.02649,-0.02708,-0.02918 
0.99809,0.00207,-0.00679,0.06145,0.04474,-0.01511,0.00135 
0.99809,0.00201,-0.00679,0.06145,0.04115,-0.05177,-0.03995 
0.99808,0.00203,-0.00680,0.06146,0.03382,-0.01332,-0.02140 
0.99808,0.00204,-0.00680,0.06146,0.02005,-0.01811,0.01571 
0.99808,0.00200,-0.00680,0.06146,0.04220,-0.02095,-0.05013 
0.99808,0.00205,-0.00679,0.06145,-0.00913,-0.01182,-0.02619 
0.99808,0.00206,-0.00678,0.06146,0.02394,-0.00120,0.00913 
0.99808,0.00200,-0.00676,0.06147,0.03995,-0.02649,-0.06569 
0.99808,0.00201,-0.00677,0.06147,0.04160,-0.00374,-0.01362 
0.99808,0.00203,-0.00677,0.06147,0.03442,-0.01092,-0.02020 
0.99808,0.00201,-0.00677,0.06147,0.01451,-0.00209,-0.04893 
0.99808,0.00203,-0.00677,0.06147,0.04803,-0.00673,0.01751 
0.99808,0.00204,-0.00677,0.06145,0.00973,-0.03621,0.01392 
0.99809,0.00199,-0.00676,0.06145,0.01841,-0.01422,0.00075 
0.99809,0.00199,-0.00676,0.06145,0.01736,-0.02454,-0.03337 
0.99808,0.00203,-0.00675,0.06145,0.04250,-0.00180,-0.02918 
0.99808,0.00201,-0.00677,0.06146,0.04100,-0.03442,-0.03516 
0.99808,0.00199,-0.00676,0.06146,0.00823,-0.04489,0.02230 
0.99808,0.00203,-0.00677,0.06146,0.01287,-0.02035,-0.00344 
0.99808,0.00201,-0.00674,0.06147,0.03262,-0.03921,-0.03157 
0.99808,0.00199,-0.00674,0.06147,0.06674,-0.02679,0.01511 
0.99808,0.00202,-0.00676,0.06148,0.04773,-0.01721,-0.03995 
0.99808,0.00202,-0.00675,0.06149,0.02753,-0.02738,0.00135 
0.99808,0.00201,-0.00675,0.06149,0.04070,0.00209,-0.02439 
0.99808,0.00203,-0.00675,0.06150,0.01257,-0.00254,0.00554 
0.99808,0.00202,-0.00673,0.06151,0.00868,-0.02095,-0.04833 
0.99808,0.00200,-0.00674,0.06151,0.03142,-0.01915,-0.04474 
0.99808,0.00202,-0.00673,0.06150,0.02918,-0.01915,0.01451 
0.99808,0.00203,-0.00673,0.06150,0.02499,-0.00913,-0.01541 
0.99808,0.00201,-0.00673,0.06151,0.02918,-0.03756,-0.05492 
0.99808,0.00203,-0.00674,0.06152,0.03322,0.01841,-0.03636 
0.99808,0.00205,-0.00670,0.06153,0.00628,-0.00224,-0.03038 
0.99808,0.00202,-0.00668,0.06155,0.02768,-0.02619,-0.06449 
0.99808,0.00204,-0.00668,0.06155,0.02424,-0.02499,0.00793 
0.99808,0.00204,-0.00667,0.06155,0.03202,-0.00524,-0.04594 
0.99808,0.00200,-0.00666,0.06156,0.02933,-0.01511,-0.00763 
0.99808,0.00202,-0.00666,0.06156,0.03472,-0.01018,0.01451 
0.99808,0.00204,-0.00666,0.06156,0.01556,-0.03157,-0.01182 
0.99808,0.00201,-0.00664,0.06156,0.00883,-0.04160,-0.02679 
0.99808,0.00200,-0.00663,0.06156,0.01317,-0.02903,-0.00165 
0.99808,0.00201,-0.00663,0.06156,0.02753,-0.02260,-0.03576 
0.99808,0.00198,-0.00660,0.06157,0.00778,-0.01496,-0.04654 
0.99808,0.00196,-0.00660,0.06158,0.05088,-0.02873,0.03726 
0.99808,0.00200,-0.00663,0.06158,0.03487,-0.00374,-0.02140 
0.99808,0.00202,-0.00663,0.06157,0.00718,-0.01736,0.01032 
0.99808,0.00200,-0.00661,0.06158,0.01302,-0.03681,-0.02918 
0.99808,0.00200,-0.00660,0.06158,0.01990,-0.01167,0.01631 
0.99808,0.00202,-0.00660,0.06159,0.02334,-0.02035,-0.03038 
0.99808,0.00198,-0.00659,0.06160,0.03382,-0.04773,-0.02020 
0.99808,0.00197,-0.00659,0.06161,0.02245,-0.03861,0.02170 
0.99808,0.00198,-0.00657,0.06160,0.04310,-0.00045,-0.00524 
0.99808,0.00197,-0.00656,0.06160,-0.00224,-0.01586,0.00673 
0.99808,0.00199,-0.00657,0.06160,0.03651,-0.02693,-0.02439 
0.99808,0.00201,-0.00656,0.06160,0.03068,-0.02155,-0.01003 
0.99808,0.00198,-0.00656,0.06159,0.03307,-0.01437,0.01571 
0.99808,0.00198,-0.00657,0.06160,0.01257,-0.03950,-0.00524 
0.99808,0.00200,-0.00655,0.06160,0.03561,0.00150,0.00913 
0.99808,0.00198,-0.00654,0.06160,0.01601,-0.00419,-0.00823 
0.99808,0.00199,-0.00653,0.06161,0.01511,-0.01152,-0.01841 
0.99808,0.00203,-0.00653,0.06161,0.01751,0.01706,0.00195 
0.99808,0.00197,-0.00651,0.06162,0.01077,-0.05432,0.02110 
0.99808,0.00198,-0.00653,0.06163,0.01631,-0.02574,-0.00823 
0.99808,0.00204,-0.00654,0.06163,0.03277,0.00898,-0.04773 
0.99808,0.00193,-0.00645,0.06163,-0.01900,-0.01511,-0.01257 
0.99808,0.00189,-0.00649,0.06164,0.03651,-0.04025,-0.01736 
0.99808,0.00203,-0.00651,0.06164,0.04714,-0.01347,-0.04953 
0.99808,0.00196,-0.00646,0.06164,0.01481,-0.02529,-0.05148 
0.99808,0.00188,-0.00649,0.06164,0.03876,-0.03397,-0.06584 
0.99807,0.00196,-0.00650,0.06165,0.02768,-0.02005,0.00793 
0.99808,0.00190,-0.00644,0.06165,0.03666,-0.05297,-0.02394 
0.99807,0.00183,-0.00648,0.06166,0.01092,-0.01870,-0.04848 
0.99807,0.00194,-0.00650,0.06167,0.03846,-0.00703,-0.02798 
0.99807,0.00190,-0.00646,0.06167,0.06090,-0.03906,0.03891 
0.99807,0.00181,-0.00651,0.06169,0.01212,-0.03382,-0.00898 
0.99807,0.00189,-0.00652,0.06167,0.03516,-0.00778,-0.05851 
0.99807,0.00183,-0.00644,0.06167,0.06629,-0.04444,-0.03472 
0.99807,0.00173,-0.00650,0.06169,0.05926,-0.05791,-0.01137 
0.99807,0.00184,-0.00655,0.06170,0.04310,-0.01586,-0.06509 
0.99807,0.00183,-0.00647,0.06170,0.07272,-0.04369,0.00239 
0.99807,0.00172,-0.00649,0.06171,0.04624,-0.01227,-0.01077 
0.99807,0.00179,-0.00657,0.06171,0.07033,0.01212,-0.04055 
0.99807,0.00182,-0.00651,0.06170,0.02050,0.02245,0.00060 
0.99807,0.00172,-0.00650,0.06170,0.02918,-0.01047,-0.03531 
0.99807,0.00177,-0.00658,0.06169,0.04744,-0.00898,-0.02679 
0.99807,0.00182,-0.00655,0.06168,0.02035,-0.01900,0.02050 
0.99807,0.00176,-0.00656,0.06169,0.06330,-0.03561,0.01272 
0.99807,0.00177,-0.00662,0.06170,0.03636,-0.05791,-0.03397 
0.99807,0.00179,-0.00659,0.06171,0.02439,-0.00688,0.00733 
0.99807,0.00175,-0.00658,0.06172,0.02095,-0.01990,0.00254 
0.99807,0.00177,-0.00663,0.06172,0.01586,-0.00404,-0.06809 
0.99807,0.00180,-0.00659,0.06173,0.01721,-0.02334,-0.04115 
0.99807,0.00176,-0.00659,0.06173,0.05611,-0.02664,-0.04235 
0.99807,0.00174,-0.00663,0.06174,0.02005,-0.00464,-0.01900 
0.99807,0.00176,-0.00660,0.06175,0.03202,-0.01945,-0.02080 
0.99807,0.00174,-0.00659,0.06175,0.01661,0.00539,-0.02260 
0.99807,0.00172,-0.00663,0.06177,0.03457,-0.02349,-0.04534 
0.99807,0.00178,-0.00662,0.06176,0.03097,-0.02574,-0.00165 
0.99807,0.00176,-0.00659,0.06176,0.02379,-0.02005,-0.01122 
0.99807,0.00175,-0.00663,0.06177,0.02828,-0.00733,-0.00344 
0.99807,0.00176,-0.00661,0.06178,0.00793,-0.02903,-0.01362 
0.99807,0.00174,-0.00660,0.06178,0.04280,-0.03097,-0.02679 
0.99807,0.00171,-0.00661,0.06178,0.01152,-0.01437,-0.06509 
0.99807,0.00174,-0.00660,0.06179,0.04773,-0.02155,-0.00943 
0.99807,0.00175,-0.00656,0.06179,0.01661,0.00763,-0.02559 
0.99807,0.00173,-0.00658,0.06179,0.03307,-0.02664,0.01152 
0.99807,0.00176,-0.00659,0.06179,0.04773,0.00793,-0.02978 
0.99807,0.00178,-0.00659,0.06179,-0.00135,0.01841,-0.04175 
0.99807,0.00173,-0.00657,0.06180,0.01885,-0.03397,-0.02260 
0.99807,0.00175,-0.00657,0.06180,0.04803,-0.01631,0.01691 
0.99806,0.00176,-0.00657,0.06181,0.02529,-0.00464,-0.02559 
0.99806,0.00173,-0.00657,0.06182,0.03202,-0.01541,-0.05013 
0.99806,0.00173,-0.00660,0.06183,0.08006,-0.00584,0.01990 
0.99806,0.00174,-0.00661,0.06183,0.04564,-0.00284,-0.00883 
0.99806,0.00172,-0.00661,0.06183,0.00913,0.00404,0.01212 
0.99806,0.00174,-0.00662,0.06183,0.04654,-0.01481,-0.01242 
0.99806,0.00178,-0.00662,0.06182,0.05731,-0.02050,0.00195 
0.99806,0.00174,-0.00663,0.06183,0.02364,-0.03995,-0.01122 
0.99806,0.00173,-0.00663,0.06183,0.03980,-0.03801,-0.05312 
0.99806,0.00176,-0.00663,0.06183,0.02065,-0.00389,-0.03935 
0.99806,0.00169,-0.00661,0.06183,0.02230,-0.02185,0.00314 
0.99806,0.00169,-0.00662,0.06183,0.04295,-0.03307,-0.03277 
0.99806,0.00172,-0.00661,0.06183,0.01511,0.00344,-0.00344 
0.99806,0.00171,-0.00662,0.06183,0.03112,-0.01601,-0.03277 
0.99806,0.00168,-0.00662,0.06183,0.01915,-0.01856,-0.01900 
0.99806,0.00168,-0.00659,0.06184,0.04369,0.00299,0.00374 
0.99806,0.00169,-0.00659,0.06184,0.01377,-0.00195,0.00434 
0.99806,0.00172,-0.00659,0.06185,0.05971,0.00703,-0.01841 
0.99806,0.00174,-0.00659,0.06183,0.04833,-0.00718,-0.02559 
0.99806,0.00171,-0.00661,0.06183,0.01631,-0.02753,-0.04055 
0.99806,0.00170,-0.00660,0.06183,-0.00808,-0.03561,-0.02798 
0.99806,0.00172,-0.00660,0.06182,0.03142,0.00703,-0.02918 
0.99806,0.00171,-0.00663,0.06182,0.06255,-0.00763,-0.01900 
0.99807,0.00171,-0.00665,0.06179,0.01077,-0.04474,0.03606 
0.99806,0.00171,-0.00665,0.06180,0.02993,-0.03651,-0.01541 
0.99806,0.00169,-0.00666,0.06180,0.04280,0.00284,-0.06270 
0.99807,0.00165,-0.00665,0.06179,0.01616,-0.02559,-0.02559 
0.99807,0.00165,-0.00666,0.06178,0.02319,0.01018,0.01451 
0.99807,0.00169,-0.00667,0.06177,0.01870,-0.01616,0.00554 
0.99807,0.00172,-0.00668,0.06176,0.02319,-0.00614,-0.00584 
0.99807,0.00168,-0.00665,0.06175,0.00299,0.01451,-0.02679 
0.99807,0.00166,-0.00666,0.06174,0.03516,-0.01272,-0.00105 
0.99807,0.00172,-0.00669,0.06173,0.04399,0.00479,-0.01661 
0.99807,0.00167,-0.00666,0.06172,0.00045,-0.04160,-0.03516 
0.99807,0.00166,-0.00666,0.06172,-0.00673,-0.00479,-0.01481 
0.99807,0.00172,-0.00667,0.06171,0.01511,-0.01152,-0.00404 
0.99807,0.00172,-0.00665,0.06170,0.01721,-0.03068,-0.02559 
0.99807,0.00163,-0.00665,0.06170,0.04325,-0.05282,-0.05312 
0.99807,0.00167,-0.00668,0.06168,0.02409,-0.01107,0.02529 
0.99807,0.00170,-0.00667,0.06168,0.01272,-0.01766,0.01332 
0.99807,0.00167,-0.00667,0.06167,0.02529,-0.00464,-0.00224 
0.99807,0.00171,-0.00669,0.06167,0.04040,0.01272,-0.02439 
0.99807,0.00170,-0.00667,0.06166,0.01826,-0.00209,0.00554 
0.99807,0.00165,-0.00667,0.06166,0.04384,-0.00180,-0.05971 
0.99807,0.00172,-0.00670,0.06165,0.04325,-0.00778,0.02170 
0.99807,0.00171,-0.00668,0.06165,0.01796,-0.02813,0.00614 
0.99807,0.00166,-0.00671,0.06165,0.04369,-0.01392,-0.03097 
0.99807,0.00172,-0.00676,0.06164,0.06539,-0.02155,-0.02140 
0.99808,0.00175,-0.00675,0.06162,0.04175,0.00195,-0.02379 
0.99808,0.00166,-0.00675,0.06161,0.00090,-0.00614,-0.04055 
0.99808,0.00170,-0.00678,0.06161,0.04639,-0.00793,-0.03935 
0.99808,0.00175,-0.00677,0.06160,0.04190,-0.01062,-0.03457 
0.99808,0.00169,-0.00678,0.06160,0.00763,-0.02933,0.00135 
0.99808,0.00171,-0.00681,0.06160,0.03217,0.00913,-0.02200 
0.99808,0.00174,-0.00677,0.06162,0.03472,0.00015,0.00434 
0.99807,0.00165,-0.00675,0.06163,0.02140,-0.04055,-0.01481 
0.99807,0.00165,-0.00678,0.06163,0.03935,-0.02005,-0.02798 
0.99807,0.00174,-0.00678,0.06164,0.05656,0.00733,0.01392 
0.99807,0.00166,-0.00676,0.06165,-0.00329,-0.01811,-0.00763 
0.99807,0.00164,-0.00679,0.06165,0.02125,0.01766,-0.04354 
0.99807,0.00171,-0.00676,0.06165,-0.00090,0.00748,-0.00165 
0.99807,0.00165,-0.00672,0.06166,0.00539,-0.03217,-0.01960 
0.99807,0.00162,-0.00673,0.06167,0.01407,-0.03142,-0.02679 
0.99807,0.00167,-0.00672,0.06167,0.01601,-0.01047,-0.02918 
0.99807,0.00164,-0.00670,0.06167,0.02050,-0.02304,-0.00464 
0.99807,0.00161,-0.00671,0.06168,0.00973,-0.01092,-0.02439 
0.99807,0.00165,-0.00669,0.06169,0.03516,0.00973,-0.05552 
0.99807,0.00163,-0.00664,0.06170,0.01392,0.01601,-0.02738 
0.99807,0.00162,-0.00667,0.06171,0.04040,-0.04235,-0.05312 
0.99807,0.00166,-0.00666,0.06172,0.03861,0.01182,-0.04175 
0.99807,0.00164,-0.00664,0.06173,0.03726,-0.01601,0.01811 
0.99807,0.00161,-0.00667,0.06174,0.01347,-0.01362,-0.05611 
0.99807,0.00167,-0.00665,0.06175,0.03412,-0.02245,-0.05432 
0.99807,0.00164,-0.00662,0.06175,-0.01437,-0.02245,0.00314 
0.99807,0.00159,-0.00664,0.06177,0.02065,-0.02813,-0.06390 
0.99807,0.00163,-0.00663,0.06177,0.01721,-0.01451,-0.02140 
0.99807,0.00163,-0.00660,0.06178,0.04115,0.00584,-0.00643 
0.99807,0.00159,-0.00662,0.06179,0.03112,-0.01137,-0.00883 
0.99807,0.00162,-0.00661,0.06180,0.04624,0.01257,-0.00763 
0.99807,0.00160,-0.00659,0.06180,0.01092,-0.03561,0.00075 
0.99807,0.00158,-0.00661,0.06180,0.03202,-0.01646,-0.01960 
0.99807,0.00159,-0.00656,0.06180,-0.02379,-0.01317,-0.00419 
0.99807,0.00161,-0.00655,0.06180,0.03561,-0.00344,0.02873 
0.99807,0.00159,-0.00657,0.06180,0.03876,-0.00599,-0.03232 
0.99806,0.00157,-0.00654,0.06182,0.03053,0.00269,-0.04010 
0.99806,0.00157,-0.00654,0.06183,0.02020,-0.02289,-0.07661 
0.99806,0.00158,-0.00659,0.06183,0.06120,-0.02140,-0.01556 
0.99806,0.00161,-0.00657,0.06182,0.02918,0.00254,0.00419 
0.99806,0.00164,-0.00659,0.06182,0.01736,0.00868,0.02708 
0.99806,0.00163,-0.00657,0.06182,0.00943,0.02364,-0.01616 
0.99806,0.00161,-0.00653,0.06185,0.03950,-0.00703,-0.06105 
0.99806,0.00160,-0.00654,0.06186,0.03053,-0.00868,-0.00299 
0.99806,0.00164,-0.00655,0.06186,0.04579,-0.01960,-0.01377 
0.99806,0.00166,-0.00654,0.06186,0.02783,0.00808,0.00419 
0.99806,0.00167,-0.00655,0.06187,0.05387,-0.01287,-0.03232 
0.99806,0.00165,-0.00655,0.06187,0.04803,-0.01332,0.00539 
0.99806,0.00163,-0.00655,0.06188,0.02110,-0.00449,-0.04250 
0.99806,0.00161,-0.00655,0.06189,0.03023,-0.01062,-0.04190 
0.99806,0.00167,-0.00658,0.06189,0.02723,-0.01407,0.00195 
0.99806,0.00169,-0.00657,0.06189,0.04758,-0.00853,-0.02499 
0.99806,0.00167,-0.00658,0.06190,0.03142,-0.02619,0.03846 
0.99806,0.00168,-0.00656,0.06190,0.01676,-0.00419,-0.02155 
0.99806,0.00168,-0.00657,0.06191,0.04893,-0.00599,-0.04130 
0.99806,0.00167,-0.00657,0.06191,0.03202,-0.01481,-0.03097 
0.99806,0.00168,-0.00658,0.06192,0.05177,-0.00599,0.00135 
0.99806,0.00172,-0.00659,0.06192,0.02634,-0.00614,-0.01302 
0.99806,0.00169,-0.00659,0.06192,0.03337,-0.02230,-0.02020 
0.99806,0.00162,-0.00656,0.06193,0.02170,-0.02948,-0.02693 
0.99806,0.00165,-0.00658,0.06195,0.01107,-0.00898,-0.02020 
0.99806,0.00168,-0.00659,0.06195,0.05447,-0.03891,-0.02080 
0.99806,0.00166,-0.00658,0.06195,0.00868,0.00643,-0.01960 
0.99806,0.00168,-0.00660,0.06194,0.05776,0.00494,-0.03397 
0.99806,0.00172,-0.00662,0.06194,0.03472,0.01556,-0.03157 
0.99806,0.00167,-0.00659,0.06195,0.02679,-0.01945,-0.03337 
0.99806,0.00165,-0.00661,0.06195,0.04744,-0.04295,-0.03756 
0.99806,0.00169,-0.00662,0.06196,0.01736,0.00524,0.00254 
0.99806,0.00170,-0.00661,0.06196,0.01032,-0.01347,0.03247 
0.99806,0.00167,-0.00660,0.06196,0.00464,-0.01526,-0.01122 
0.99805,0.00171,-0.00660,0.06197,0.04594,0.00000,-0.03337 
0.99805,0.00167,-0.00657,0.06197,0.00703,-0.01062,-0.02200 
0.99805,0.00164,-0.00657,0.06198,0.00748,-0.03935,-0.03696 
0.99805,0.00170,-0.00659,0.06198,0.01317,0.01212,-0.08006 
0.99805,0.00167,-0.00656,0.06198,0.02140,-0.04833,-0.03935 
0.99805,0.00161,-0.00656,0.06199,0.03891,-0.01601,-0.08440 
0.99805,0.00167,-0.00657,0.06199,0.01586,-0.01481,-0.02978 
0.99805,0.00163,-0.00653,0.06200,0.03636,-0.00808,-0.04369 
0.99805,0.00157,-0.00656,0.06201,0.03127,0.00209,-0.01137 
0.99805,0.00165,-0.00659,0.06202,0.02454,-0.01137,-0.02080 
0.99805,0.00166,-0.00657,0.06203,0.01885,-0.00913,0.03127 
0.99805,0.00157,-0.00655,0.06204,0.00823,-0.02065,-0.01018 
0.99805,0.00158,-0.00656,0.06204,0.03412,-0.03935,-0.01257 
0.99805,0.00161,-0.00653,0.06204,0.02873,-0.02140,0.00479 
0.99805,0.00158,-0.00654,0.06204,0.03277,-0.02918,-0.03651 
0.99805,0.00159,-0.00655,0.06203,0.02544,-0.03008,-0.00898 
0.99805,0.00162,-0.00652,0.06203,0.00569,0.01676,-0.01796 
0.99805,0.00155,-0.00651,0.06203,0.00239,-0.01137,-0.01018 
0.99805,0.00155,-0.00650,0.06203,0.04010,-0.02454,0.02394 
0.99805,0.00157,-0.00649,0.06204,0.04220,-0.01945,-0.04070 
0.99805,0.00155,-0.00649,0.06205,0.02948,-0.02035,-0.02274 
0.99805,0.00158,-0.00650,0.06206,0.02514,-0.00584,-0.01856 
0.99805,0.00161,-0.00648,0.06205,0.01721,0.00494,-0.00299 
0.99805,0.00156,-0.00646,0.06205,0.05761,-0.01751,-0.01496 
0.99805,0.00154,-0.00648,0.06205,0.01616,-0.01706,0.00599 
0.99805,0.00160,-0.00645,0.06207,0.00165,0.01407,0.01317 
0.99805,0.00158,-0.00644,0.06206,0.02095,-0.02574,0.02634 
0.99805,0.00157,-0.00646,0.06206,0.02828,-0.03921,-0.01556 
0.99805,0.00162,-0.00645,0.06207,-0.00090,0.01721,-0.02634 
0.99805,0.00157,-0.00644,0.06206,0.05267,-0.01347,-0.02394 
0.99805,0.00153,-0.00643,0.06207,0.00374,-0.03247,-0.03771 
0.99805,0.00156,-0.00643,0.06208,0.01586,-0.00688,0.03472 
0.99805,0.00156,-0.00642,0.06209,0.03097,-0.01691,-0.00359 
0.99805,0.00153,-0.00647,0.06209,0.05701,-0.03666,-0.01556 
0.99805,0.00156,-0.00647,0.06210,0.04325,0.02379,0.01796 
0.99805,0.00154,-0.00646,0.06211,0.03786,-0.02858,-0.01796 
0.99805,0.00150,-0.00646,0.06211,0.00868,-0.01152,0.00479 
0.99805,0.00152,-0.00647,0.06212,0.04729,-0.02454,-0.04190 
0.99805,0.00154,-0.00650,0.06212,0.03172,-0.01407,-0.00419 
0.99805,0.00151,-0.00648,0.06211,0.00239,0.01152,-0.02933 
0.99805,0.00153,-0.00647,0.06211,0.05746,0.00823,-0.00419 
0.99805,0.00151,-0.00648,0.06212,0.07362,-0.02364,-0.02155 
0.99805,0.00149,-0.00650,0.06211,0.04564,-0.04235,-0.02873 
0.99805,0.00152,-0.00649,0.06211,0.02484,-0.00180,-0.00599 
0.99805,0.00154,-0.00651,0.06212,0.02813,-0.00509,-0.01018 
0.99805,0.00149,-0.00650,0.06212,0.01272,-0.02200,-0.04250 
0.99805,0.00150,-0.00650,0.06212,0.01885,-0.00479,-0.02993 
0.99805,0.00149,-0.00648,0.06212,0.03292,-0.01137,-0.06165 
0.99805,0.00149,-0.00650,0.06212,0.02843,0.00000,0.04729 
0.99805,0.00157,-0.00652,0.06212,0.01766,-0.00135,-0.00479 
0.99805,0.00154,-0.00648,0.06214,0.01796,-0.00329,-0.03053 
0.99805,0.00143,-0.00644,0.06213,0.02708,-0.03472,-0.04070 
0.99805,0.00147,-0.00647,0.06214,0.03846,-0.00075,-0.03891 
0.99805,0.00152,-0.00645,0.06213,0.01601,-0.02514,0.02933 
0.99805,0.00149,-0.00644,0.06214,0.02110,-0.00180,-0.01856 
0.99804,0.00150,-0.00646,0.06215,0.04519,-0.02708,-0.01137 
0.99804,0.00148,-0.00643,0.06215,0.01422,0.00509,-0.02574 
0.99804,0.00139,-0.00640,0.06216,0.03876,-0.00584,-0.02993 
0.99804,0.00143,-0.00644,0.06216,0.02424,-0.02409,-0.03591 
0.99804,0.00149,-0.00643,0.06216,0.04938,-0.01257,0.00180 
0.99804,0.00144,-0.00644,0.06217,0.02289,-0.03442,0.00239 
0.99804,0.00143,-0.00646,0.06217,0.04040,0.00838,-0.01556 
0.99804,0.00142,-0.00642,0.06217,0.04564,0.01631,-0.03771 
0.99804,0.00139,-0.00642,0.06217,-0.00045,-0.01781,-0.04549 
0.99804,0.00144,-0.00644,0.06218,0.03502,-0.03726,-0.03831 
0.99804,0.00150,-0.00643,0.06218,0.04519,-0.00554,0.02274 
0.99804,0.00148,-0.00644,0.06218,0.05806,-0.01466,-0.01915 
0.99804,0.00147,-0.00646,0.06219,0.04474,0.01122,-0.02454 
0.99804,0.00146,-0.00641,0.06220,0.04504,-0.01930,-0.02693 
0.99804,0.00144,-0.00645,0.06220,0.04190,-0.03861,-0.05507 
0.99804,0.00150,-0.00647,0.06221,0.00614,0.01841,-0.02155 
0.99804,0.00153,-0.00643,0.06221,0.00628,0.00030,0.00958 
0.99804,0.00150,-0.00645,0.06222,0.05148,-0.00434,-0.03292 
0.99804,0.00151,-0.00645,0.06222,0.03576,-0.00643,-0.04549 
0.99804,0.00151,-0.00642,0.06224,0.06449,0.01631,-0.04968 
0.99804,0.00150,-0.00645,0.06224,0.04833,-0.01212,-0.01077 
0.99804,0.00154,-0.00646,0.06225,0.03262,-0.00808,-0.02634 
0.99804,0.00156,-0.00644,0.06224,0.02394,-0.02170,0.00060 
0.99804,0.00156,-0.00644,0.06224,0.01451,0.00404,-0.04190 
0.99804,0.00156,-0.00643,0.06224,0.04145,0.00464,0.01018 
0.99804,0.00158,-0.00641,0.06225,0.02035,0.00120,-0.04908 
0.99804,0.00156,-0.00643,0.06225,0.05297,-0.02649,-0.10834 
0.99804,0.00069,-0.00671,0.06224,0.80445,0.14410,-0.15143 
0.99805,0.00220,-0.00414,0.06225,0.00838,-0.10774,-0.39370 
0.99801,0.00335,-0.00975,0.06220,0.06479,-0.54887,-0.10175 
0.99804,0.00385,-0.00409,0.06240,-0.20396,0.23224,-0.46941 
0.99802,0.00182,-0.00644,0.06255,0.32352,-0.36916,-0.01915 
0.99801,0.00157,-0.00744,0.06264,0.29299,-0.01152,0.67487 
0.99802,0.00194,-0.00722,0.06250,-0.03906,0.30047,-0.75088 
0.99802,0.00155,-0.00618,0.06250,0.03681,-0.09652,-0.45909 
0.99800,0.00263,-0.00769,0.06270,0.00284,-0.33309,0.29314 
0.99800,0.00334,-0.00776,0.06261,0.54184,0.23972,0.04310 
0.99803,-0.00160,-0.00730,0.06237,0.05656,0.11477,0.57730 
0.99780,0.01255,-0.01150,0.06404,-0.80715,1.46420,6.38713 
0.99777,0.00794,-0.00641,0.06594,0.06584,-1.75869,0.38487 
0.99752,0.00330,-0.00570,0.07001,0.12151,-1.24513,-3.72239 
0.99657,0.01047,-0.00524,0.08197,-0.91533,15.76702,1.79086 
0.99661,0.01623,-0.00393,0.08062,-0.85488,-3.12563,0.71452 
0.99697,0.01819,-0.00361,0.07556,-0.10909,1.72517,0.35494 
0.99782,0.01751,-0.00349,0.06358,0.02230,-1.29272,-0.14605 
0.99845,0.01408,-0.00907,0.05316,-0.06958,-2.35111,1.70332 
0.99864,0.01099,-0.00912,0.05023,0.34791,-1.45089,-2.03372 
0.99862,0.01207,-0.00923,0.05031,0.23942,0.06464,0.76270 
0.99861,0.01254,-0.00918,0.05028,0.22266,-0.03935,0.45460 
0.99862,0.01131,-0.00854,0.05063,-0.20725,1.53154,-1.66442 
0.99861,0.01860,0.00014,0.04936,-1.72772,1.92374,-0.33100 
0.99826,0.03262,0.00873,0.04835,0.56623,-0.41554,-0.91937 
0.99704,0.05318,0.01497,0.05350,1.78832,-1.81735,-0.01870 
0.99500,0.07386,0.02149,0.06371,0.02708,-0.38996,1.75585 
0.99180,0.10392,0.03073,0.06770,0.74355,0.65122,0.91967 
0.98335,0.16391,0.04231,0.06603,-0.21264,6.77529,7.30695 
0.95355,0.29153,0.04950,0.05746,-0.77467,0.16296,5.19242 
0.90199,0.42467,0.06102,0.04837,0.68190,-5.03964,-5.27428 
0.86502,0.49812,0.04904,0.03470,2.10121,-4.49122,-0.27174 
0.84243,0.53735,0.03520,0.01831,-0.19857,-3.01235,-0.13063 
0.82786,0.55976,0.03559,0.00623,-1.58376,0.58448,1.36140 
0.80955,0.58578,0.03847,0.00352,0.43799,0.74101,-1.73699 
0.79709,0.60259,0.03907,0.00328,0.06689,-0.19782,-1.02472 
0.79265,0.60849,0.03768,0.00410,0.57162,0.95753,-0.28252 
0.79412,0.60666,0.03642,0.00433,0.22910,0.51790,0.86954 
0.79665,0.60326,0.03738,0.00612,0.08888,-0.26725,0.20007 
0.80119,0.59715,0.03821,0.00695,0.01257,-0.50652,-0.59481 
0.81265,0.58152,0.03696,0.00823,1.68806,0.68564,-1.91940 
0.84405,0.53497,0.03125,0.02018,1.00452,-7.21927,-3.89671 
0.91315,0.40635,0.01277,0.02960,-0.72021,-6.58675,-5.99658 
0.97664,0.21186,0.01160,0.03407,0.32292,-3.25582,-9.04784 
0.99938,-0.00646,0.00457,0.03440,-2.19204,-12.47140,10.21651 
0.99927,0.02355,-0.00254,0.03012,-0.25468,-0.63865,-9.80126 
0.99759,0.06429,-0.00196,0.02587,1.02966,-0.66589,0.96441 
0.99957,0.01849,-0.00866,0.02101,1.00721,-0.36631,7.62269 
0.99978,-0.00066,-0.00518,0.02031,-0.74549,-1.00048,1.08008 
0.99978,-0.00217,-0.00198,0.02087,0.07572,-0.47046,-5.29717 
0.99980,0.00226,-0.00179,0.01974,-0.66260,-0.05402,-1.90938 
0.99973,0.01128,-0.00567,0.01957,-0.25693,0.02304,0.95095 
0.99964,0.01726,-0.00653,0.01973,0.17358,0.63416,1.56745 
0.99968,0.01419,-0.00542,0.02040,-0.00913,0.10011,0.60528 
0.99976,0.00701,-0.00471,0.02045,0.38711,-0.51939,-0.14904 
0.99978,0.00069,-0.00281,0.02067,-0.26127,-0.17418,1.67055 
0.99978,0.00139,-0.00228,0.02072,0.20904,0.17567,-3.24369 
0.99976,0.00573,-0.00396,0.02064,0.13303,-0.14754,-0.68040 
0.99973,0.00777,-0.00807,0.02035,-0.27982,-0.39594,-2.55297 
0.99971,0.01440,-0.00916,0.01675,1.49039,0.08679,2.62300 
0.99979,0.00487,-0.01203,0.01567,1.46660,-1.07904,-7.88695 
0.99966,0.01238,-0.01073,0.02013,-1.84877,0.25498,0.86640 
0.99964,0.01365,-0.01060,0.02039,-0.38876,-0.93284,1.82289 
0.99965,0.01369,-0.01027,0.02001,0.29538,0.73906,0.43709 
0.99957,0.01609,-0.01134,0.02155,0.64359,2.11034,1.50850 
0.99949,0.02182,-0.01240,0.01995,-1.50880,-1.48964,-1.70213 
0.99948,0.02246,-0.01025,0.02068,0.28671,-0.60094,-0.08948 
0.99957,0.02026,-0.00939,0.01922,-0.03846,-0.02933,1.20907 
0.99959,0.01881,-0.00814,0.01998,0.06509,0.16924,-2.47950 
0.99971,0.00951,-0.00931,0.02010,-1.45163,-0.35120,-2.39690 
0.99941,0.00549,-0.02743,0.01986,0.42811,-1.33207,-4.03408 
0.99943,0.00911,-0.02520,0.02060,0.43365,0.03726,0.62743 
0.99960,0.00647,-0.01614,0.02226,0.85024,0.51984,5.99598 
0.99963,0.01023,-0.01282,0.02150,0.52059,-2.00125,1.24888 
0.99933,0.00905,-0.01131,0.03364,-1.91626,3.33078,-1.92464 
0.99898,0.01734,-0.00856,0.04077,-0.04773,-0.89992,2.16915 
0.99881,0.02184,-0.00824,0.04291,-0.36901,1.30918,-0.38996 
0.99874,0.02377,-0.00663,0.04371,-0.20171,-0.30706,0.22476 
0.99866,0.02355,-0.00616,0.04564,0.45191,0.15039,0.68773 
0.99867,0.02111,-0.00427,0.04674,0.28835,0.38636,0.31289 
0.99851,0.01379,-0.00233,0.05278,-0.66035,1.27581,0.31125 
0.99809,0.00209,-0.00076,0.06168,-0.23598,0.42243,-0.11687 
0.99768,-0.01174,0.00008,0.06709,-0.26187,1.11749,0.68369 
0.99673,-0.03507,-0.00071,0.07281,1.11645,-0.32696,1.03789 
0.99315,-0.07994,-0.00434,0.08514,1.32564,-0.31768,2.39704 
0.98344,-0.14475,-0.00666,0.10881,-0.31753,1.46405,4.30642 
0.96354,-0.23309,-0.02762,0.12840,1.87436,0.26486,0.95828 
0.92880,-0.34317,-0.04211,0.13337,-3.90255,-2.87603,-0.05821 
0.83439,-0.52922,-0.06596,0.13918,-6.91625,3.55359,-8.27391 
0.75872,-0.61700,-0.11951,0.17135,1.46720,5.05206,10.79142 
0.74334,-0.63380,-0.13409,0.16663,1.76827,-3.27781,-2.12545 
0.72797,-0.65204,-0.13813,0.16068,0.15622,-0.79203,-0.35704 
0.71555,-0.66900,-0.13164,0.15198,-0.49799,0.48079,-1.37652 
0.71123,-0.67624,-0.12436,0.14622,0.23388,0.98207,-0.70614 
0.71311,-0.67730,-0.11690,0.13810,0.51909,0.46702,-1.36918 
0.71501,-0.67852,-0.10790,0.12937,0.24376,0.36467,-0.99479 
0.71683,-0.67910,-0.10077,0.12174,0.10819,-0.38666,-0.59182 
0.71589,-0.68111,-0.09702,0.11909,-0.33294,0.47510,-0.61860 
0.71448,-0.68315,-0.09515,0.11735,0.84949,1.24409,-0.76270 
0.71407,-0.68350,-0.09554,0.11748,-0.58209,0.46418,-0.38592 
0.71140,-0.68647,-0.09585,0.11611,0.13138,0.30870,-0.47315 
0.70799,-0.69080,-0.09612,0.11095,0.06315,0.39819,-0.50742 
0.70469,-0.69502,-0.09455,0.10684,0.20336,0.19363,-0.75103 
0.70293,-0.69780,-0.09090,0.10341,0.52538,-0.49934,-0.65721 
0.70376,-0.69858,-0.08363,0.09853,0.90321,0.18884,-0.73248 
0.70815,-0.69567,-0.07636,0.09348,-0.33279,0.63641,-0.46029 
0.71512,-0.68969,-0.06917,0.09027,0.26770,0.37574,-0.70210 
0.73951,-0.66464,-0.06304,0.08607,-0.26411,0.47465,-0.21249 
0.79033,-0.60553,-0.04853,0.07970,-0.21757,1.91132,-0.82974 
0.85933,-0.50526,-0.03618,0.07039,2.79613,4.37570,1.38549 
0.95942,-0.27694,0.00108,0.05298,-1.00407,6.06541,-8.38928 
0.99734,-0.06968,-0.01144,0.01829,-0.67098,1.98868,-8.96150 
0.99962,-0.02374,-0.00660,0.01242,-0.42123,0.47944,-9.13298 
0.99955,-0.01906,-0.02065,0.01023,-0.25513,-0.77871,-1.69001 
0.99989,-0.00298,-0.01241,0.00789,-0.06345,-0.29613,-3.71401 
0.99973,-0.00148,-0.02252,0.00457,0.38741,0.24451,0.36826 
0.99975,-0.00866,-0.02035,0.00325,0.53271,0.26860,-0.68310 
0.99977,-0.01548,-0.01377,0.00464,-0.67083,-0.22700,-0.82495 
0.99970,-0.01576,-0.01797,0.00464,0.30511,0.20500,-0.17942 
0.99980,-0.01124,-0.01619,0.00450,-0.15966,0.65197,-1.06407 
0.99985,-0.00552,-0.01603,0.00442,-0.35883,0.56847,0.92596 
0.99985,-0.00291,-0.01624,0.00426,-0.14829,0.65975,1.27940 
0.99985,-0.00573,-0.01595,0.00435,0.25079,0.46777,-0.06883 
0.99982,-0.01069,-0.01490,0.00456,-0.14949,-0.04788,-0.47779 
0.99981,-0.01180,-0.01496,0.00460,-0.12525,0.28461,-0.78679 
0.99983,-0.00940,-0.01523,0.00460,0.12959,0.07901,-0.06943 
0.99986,-0.00506,-0.01557,0.00444,0.01586,0.42422,0.32172 
0.99986,-0.00330,-0.01602,0.00441,0.16011,0.41240,0.60065 
0.99986,-0.00528,-0.01551,0.00441,0.10265,0.40088,0.21638 
0.99984,-0.00870,-0.01494,0.00450,0.00329,0.18196,-0.37559 
0.99984,-0.00941,-0.01483,0.00453,-0.01466,0.19288,-0.82555 
0.99985,-0.00680,-0.01507,0.00451,-0.15083,0.34506,0.00868 
0.99986,-0.00392,-0.01534,0.00442,0.04354,0.36108,0.49665 
0.99987,-0.00343,-0.01532,0.00439,0.04220,0.36766,0.38831 
0.99986,-0.00533,-0.01506,0.00442,0.00733,0.24271,0.05327 
0.99986,-0.00720,-0.01475,0.00447,-0.07632,0.22835,-0.47435 
0.99986,-0.00696,-0.01475,0.00448,0.04878,0.20830,-0.37335 
0.99987,-0.00488,-0.01493,0.00444,0.11702,0.29134,0.05971 
0.99987,-0.00316,-0.01518,0.00441,0.12570,0.29942,0.35524 
0.99987,-0.00330,-0.01508,0.00439,0.03606,0.31289,0.25289 
0.99987,-0.00492,-0.01482,0.00441,0.01975,0.24600,-0.10145 
0.99987,-0.00582,-0.01467,0.00443,0.01392,0.19184,-0.39220 
0.99987,-0.00498,-0.01474,0.00443,0.03083,0.24660,-0.08888 
0.99987,-0.00331,-0.01491,0.00440,0.07661,0.26112,0.09652 
0.99988,-0.00264,-0.01495,0.00439,0.06674,0.28805,0.23777 
0.99988,-0.00328,-0.01483,0.00439,0.10983,0.24436,-0.02738 
0.99987,-0.00429,-0.01464,0.00441,0.01960,0.23119,-0.10998 
0.99987,-0.00421,-0.01464,0.00440,0.03831,0.21413,-0.29673 
0.99988,-0.00321,-0.01469,0.00439,-0.01077,0.25842,-0.00479 
0.99988,-0.00230,-0.01475,0.00436,0.04893,0.24855,0.19513 
0.99988,-0.00234,-0.01470,0.00438,0.05237,0.21518,0.10295 
0.99988,-0.00295,-0.01459,0.00438,0.07452,0.19887,-0.18615 
0.99988,-0.00326,-0.01450,0.00439,0.05986,0.16430,-0.18031 
0.99988,-0.00271,-0.01458,0.00438,0.06375,0.20381,-0.09292 
0.99988,-0.00192,-0.01464,0.00437,0.04399,0.23553,0.11058 
0.99988,-0.00167,-0.01463,0.00437,0.03576,0.21144,0.09203 
0.99988,-0.00207,-0.01454,0.00437,0.05252,0.20680,-0.06180 
0.99988,-0.00236,-0.01447,0.00437,0.06883,0.19034,-0.09472 
0.99988,-0.00203,-0.01448,0.00436,0.00209,0.18630,-0.09532 
0.99988,-0.00136,-0.01456,0.00434,0.09697,0.19408,-0.07317 
0.99988,-0.00107,-0.01450,0.00433,0.06704,0.22491,0.10864 
0.99988,-0.00124,-0.01450,0.00433,0.03232,0.18750,0.04878 
0.99989,-0.00159,-0.01441,0.00433,0.06045,0.15428,-0.24152 
0.99989,-0.00145,-0.01439,0.00432,0.04654,0.18630,-0.07632 
0.99989,-0.00091,-0.01445,0.00432,0.04534,0.19902,0.02484 
