0,0,0,0,0,0,0
0,0,0,0,0,0,0
1,0.00065,-0.00257,-0.00015,0,0,0
0.99999,0.00052,-0.00325,-0.00017,0,0,0
0.99999,0.00048,-0.00394,-0.00019,0,0,0
0.99999,0.00047,-0.00464,-0.00022,0,0,0
0.99999,0.0004,-0.00528,-0.00024,0,0,0
0.99999,0.0004,-0.00528,-0.00024,0,0,0
0.99991,-0.00112,-0.01322,-0.00067,0,0,0
0.99991,-0.00117,-0.0135,-0.0007,0,0,0
0.9999,-0.0012,-0.01375,-0.00073,0,0,0
0.9999,-0.00119,-0.01397,-0.00076,0,0,0
0.9999,-0.00125,-0.01423,-0.0008,0,0,0
0.9999,-0.00125,-0.01423,-0.0008,0,0,0
0.99989,-0.00126,-0.01442,-0.00082,0,0,0
0.99989,-0.00122,-0.01463,-0.00086,0,0,0
0.99989,-0.00124,-0.01482,-0.00089,0,0,0
0.99989,-0.00129,-0.015,-0.0009,0,0,0
0.99988,-0.00133,-0.0152,-0.00094,0,0,0
0.99988,-0.00133,-0.0152,-0.00094,0,0,0
0.99988,-0.00126,-0.01536,-0.00097,0,0,0
0.99988,-0.00125,-0.01552,-0.00098,0,0,0
0.99988,-0.00125,-0.01552,-0.00098,0,0,0
0.99988,-0.0012,-0.01563,-0.00102,0,0,0
0.99987,-0.00114,-0.01578,-0.00104,0,0,0
0.99987,-0.00117,-0.01587,-0.00107,0,0,0
0.99987,-0.00115,-0.01597,-0.00109,0,0,0
0.99987,-0.00115,-0.01597,-0.00109,0,0,0
0.99987,-0.00116,-0.01604,-0.00112,0,0,0
0.99987,-0.00125,-0.01611,-0.00114,0,0,0
0.99987,-0.00122,-0.0162,-0.00117,0,0,0
0.99987,-0.00113,-0.0163,-0.0012,-0.002101648,0.0002857276,1.56251E-06
0.99986,-0.00108,-0.01639,-0.00124,-0.006382069,0.0008455893,-1.707623E-05
0.99986,-0.00103,-0.0165,-0.00128,-0.01080991,0.001386844,-3.029431E-05
0.99986,-0.00103,-0.0165,-0.00128,-0.01530364,0.001924907,-2.055975E-05
0.99986,-0.00103,-0.0165,-0.00128,-0.01978858,0.002470613,-1.92887E-05
0.99986,-0.00103,-0.0165,-0.00128,-0.02426472,0.003023962,-2.648116E-05
0.99986,-0.00103,-0.0165,-0.00128,-0.02873206,0.003584954,-4.213712E-05
0.99986,-0.00103,-0.0165,-0.00128,-0.03319062,0.004153589,-6.625659E-05
0.99986,-0.00103,-0.0165,-0.00128,-0.03764037,0.004729866,-9.883956E-05
0.99986,-0.00103,-0.0165,-0.00128,-0.04208133,0.005313786,-0.000139886
0.99986,-0.00103,-0.0165,-0.00128,-0.04651349,0.005905349,-0.000189396
0.99986,-0.00103,-0.0165,-0.00128,-0.05093686,0.006504555,-0.0002473695
0.99986,-0.00103,-0.0165,-0.00128,-0.05535144,0.007111404,-0.0003138066
0.99986,-0.00097,-0.01657,-0.0013,-0.05980692,0.007745052,-0.0004083383
0.99986,-0.00102,-0.01662,-0.00133,-0.06436092,0.008412879,-0.0005401189
0.99986,-0.00104,-0.01669,-0.00135,-0.06901549,0.009094518,-0.0006938774
0.99986,-0.00099,-0.0167,-0.00139,-0.07377415,0.009763255,-0.0008693715
0.99986,-0.00099,-0.01673,-0.00144,-0.07863421,0.01040087,-0.001063258
0.99986,-0.00094,-0.01684,-0.00146,-0.08355503,0.01100563,-0.001273081
0.99986,-0.00089,-0.01685,-0.0015,-0.08854509,0.01158758,-0.001486694
0.99986,-0.00085,-0.01687,-0.00153,-0.09361449,0.01217535,-0.001636769
0.99986,-0.00078,-0.01688,-0.00159,-0.09875143,0.01276663,-0.001741249
0.99986,-0.0007,-0.01687,-0.00169,-0.1039495,0.01334599,-0.001797713
0.99986,-0.00063,-0.01688,-0.00173,-0.1092102,0.0139118,-0.001755309
0.99986,-0.00058,-0.01687,-0.00176,-0.114509,0.01445936,-0.001674503
0.99986,-0.00049,-0.01689,-0.00179,-0.1197907,0.01501437,-0.001589454
0.99986,-0.0005,-0.0169,-0.00182,-0.1250831,0.01558558,-0.001516936
0.99986,-0.00043,-0.0169,-0.00184,-0.1304019,0.01617081,-0.00148974
0.99986,-0.00035,-0.01689,-0.00187,-0.1357198,0.01678267,-0.001459096
0.99986,-0.00027,-0.0169,-0.00191,-0.141033,0.01742221,-0.00140482
0.99986,-0.00024,-0.01685,-0.00194,-0.1463865,0.01804318,-0.001359227
0.99986,-0.0002,-0.01676,-0.00197,-0.1518137,0.01859712,-0.001313893
0.99986,-0.00013,-0.01674,-0.002,-0.1572899,0.01911696,-0.001243956
0.99986,-2E-05,-0.01668,-0.00205,-0.1628197,0.01963055,-0.00115437
0.99986,-2E-05,-0.01658,-0.00209,-0.1683939,0.02012631,-0.001014484
0.99986,-5E-05,-0.01655,-0.00212,-0.1739518,0.02058524,-0.0008451024
0.99986,0,-0.01654,-0.00215,-0.1794854,0.02103786,-0.0007319102
0.99986,2E-05,-0.01649,-0.00219,-0.1849906,0.02148231,-0.000635402
0.99986,0.00012,-0.01649,-0.00221,-0.1904527,0.02188509,-0.0005559869
0.99986,0.00029,-0.01654,-0.00224,-0.1958572,0.02229217,-0.0005115161
0.99986,0.00035,-0.01645,-0.00227,-0.2012359,0.02272536,-0.0004770074
0.99986,0.00035,-0.01642,-0.0023,-0.2066123,0.02314015,-0.0004599623
0.99986,0.00037,-0.01637,-0.00234,-0.2119845,0.02352338,-0.0004775593
0.99986,0.00035,-0.01628,-0.00238,-0.2173682,0.02388135,-0.0004868912
0.99987,0.00042,-0.01623,-0.00242,-0.2227584,0.02422377,-0.0004697861
0.99987,0.00042,-0.01623,-0.00242,-0.2281524,0.02457309,-0.000463235
0.99987,0.00042,-0.01623,-0.00242,-0.2335376,0.02493004,-0.0004651475
0.99987,0.00052,-0.0162,-0.00245,-0.2389185,0.02528037,-0.0004863805
0.99987,0.00057,-0.01611,-0.00248,-0.2443027,0.02560376,-0.0005015451
0.99987,0.00065,-0.01611,-0.00251,-0.2496394,0.02591469,-0.0004932907
0.99987,0.00071,-0.01607,-0.00254,-0.2549324,0.02620705,-0.0005090606
0.99987,0.0007,-0.016,-0.00258,-0.2602186,0.02646395,-0.0005634912
0.99987,0.0007,-0.016,-0.00258,-0.2654865,0.0267118,-0.0006345282
0.99987,0.0007,-0.01593,-0.00262,-0.2707526,0.02693234,-0.0007450938
0.99987,0.00076,-0.01591,-0.00265,-0.2759949,0.02713139,-0.0009174675
0.99987,0.00081,-0.01585,-0.00268,-0.2812168,0.02731695,-0.001081444
0.99987,0.00089,-0.01581,-0.00272,-0.2864425,0.02746431,-0.001224485
0.99987,0.00094,-0.01581,-0.00276,-0.2916469,0.02758292,-0.001404962
0.99987,0.00094,-0.01581,-0.00276,-0.2968276,0.0276917,-0.001613138
0.99987,0.00097,-0.01574,-0.00278,-0.3020093,0.02780577,-0.00183056
0.99987,0.001,-0.01572,-0.00281,-0.307165,0.02792493,-0.002055509
0.99987,0.00101,-0.01567,-0.00285,-0.3122846,0.02801638,-0.002244561
0.99987,0.00107,-0.01558,-0.00287,-0.3174033,0.02807466,-0.002412361
0.99988,0.00111,-0.01547,-0.0029,-0.3225451,0.02812627,-0.002584203
0.99988,0.00111,-0.01547,-0.0029,-0.3277013,0.02817683,-0.002747166
0.99988,0.00123,-0.01543,-0.00294,-0.332843,0.02826663,-0.002915481
0.99988,0.0013,-0.01536,-0.00297,-0.3379655,0.02837502,-0.003085269
0.99988,0.00132,-0.01531,-0.00301,-0.3430554,0.02845221,-0.003230889
0.99988,0.00133,-0.01529,-0.00303,-0.3481051,0.02850756,-0.00332741
0.99988,0.00133,-0.01529,-0.00303,-0.3531334,0.02855929,-0.003403585
0.99988,0.00135,-0.01518,-0.00306,-0.3581718,0.02858832,-0.003464453
0.99988,0.00135,-0.01515,-0.00311,-0.3631897,0.02856452,-0.003488058
0.99988,0.00139,-0.0151,-0.00314,-0.3681887,0.02849542,-0.003510924
0.99988,0.00147,-0.01498,-0.00319,-0.3732343,0.0284073,-0.003540178
0.99988,0.00152,-0.0149,-0.00322,-0.3782911,0.028318,-0.003542686
0.99988,0.00152,-0.01485,-0.00325,-0.3833231,0.0282022,-0.003547405
0.99988,0.00152,-0.01485,-0.00325,-0.3883453,0.02806487,-0.003574717
0.99988,0.00155,-0.01477,-0.00328,-0.3933367,0.02792056,-0.003621954
0.99989,0.00157,-0.01471,-0.00333,-0.3982946,0.02774305,-0.003734845
0.99989,0.00162,-0.01465,-0.00337,-0.4032401,0.02754444,-0.003890183
0.99989,0.0017,-0.0146,-0.0034,-0.4081439,0.02738408,-0.00400957
0.99989,0.00176,-0.0145,-0.00345,-0.413028,0.02725421,-0.004090788
0.99989,0.00181,-0.01442,-0.00349,-0.4179217,0.02710323,-0.004138765
0.99989,0.00182,-0.01438,-0.00353,-0.4227708,0.02691817,-0.00414703
0.99989,0.0019,-0.01431,-0.00358,-0.4275718,0.02668829,-0.004151161
0.99989,0.00192,-0.01425,-0.00362,-0.4323442,0.02644216,-0.004160421
0.99989,0.00192,-0.01425,-0.00362,-0.4370943,0.02620899,-0.004166976
0.99989,0.00191,-0.0142,-0.00366,-0.4418312,0.02595611,-0.004150708
0.99989,0.00194,-0.01411,-0.00369,-0.446566,0.02566986,-0.004133069
0.99989,0.00197,-0.01407,-0.00372,-0.4512789,0.02536315,-0.004156086
0.99989,0.00205,-0.01405,-0.00376,-0.4559336,0.02505855,-0.004204676
0.99989,0.00205,-0.01405,-0.00376,-0.4605541,0.02477049,-0.004268103
0.99989,0.00216,-0.01402,-0.0038,-0.4651372,0.02450174,-0.004317019
0.99989,0.00216,-0.01397,-0.00383,-0.4696797,0.0242227,-0.004350164
0.99989,0.00216,-0.01394,-0.00388,-0.4742089,0.02390778,-0.004377631
0.99989,0.00216,-0.01394,-0.00388,-0.4787278,0.0235866,-0.004400678
0.99989,0.00219,-0.01387,-0.00391,-0.4832337,0.02324542,-0.004429388
0.99989,0.00221,-0.01377,-0.00395,-0.4877473,0.0228691,-0.004434541
0.9999,0.00229,-0.01373,-0.00398,-0.492263,0.02250436,-0.004441575
0.9999,0.00236,-0.01367,-0.00401,-0.4967494,0.02215551,-0.004479625
0.9999,0.00236,-0.01358,-0.00405,-0.5012165,0.02178607,-0.004521852
0.9999,0.00236,-0.01358,-0.00405,-0.5056748,0.02140683,-0.004568339
0.9999,0.00241,-0.01357,-0.00408,-0.5100991,0.02101871,-0.004657288
0.9999,0.00246,-0.01355,-0.00411,-0.5144733,0.02061007,-0.004774195
0.9999,0.00255,-0.01345,-0.00415,-0.5188407,0.02020924,-0.004864338
0.9999,0.00257,-0.01341,-0.0042,-0.5232059,0.01980304,-0.004911691
0.9999,0.00256,-0.01335,-0.00425,-0.5275581,0.01936062,-0.004994696
0.9999,0.00256,-0.01335,-0.00425,-0.5319088,0.01890678,-0.005143882
0.9999,0.00259,-0.01329,-0.00428,-0.5362312,0.01844748,-0.005269921
0.9999,0.00257,-0.01322,-0.00432,-0.5405439,0.01796422,-0.005358368
0.9999,0.00271,-0.01318,-0.00436,-0.5448502,0.01750309,-0.005447657
0.9999,0.00276,-0.01311,-0.0044,-0.5491155,0.01706867,-0.00553143
0.9999,0.0028,-0.01307,-0.00443,-0.5533461,0.01660951,-0.005614124
0.9999,0.00285,-0.01302,-0.00447,-0.5575576,0.0161387,-0.005697752
0.9999,0.00285,-0.01302,-0.00447,-0.5617599,0.0156747,-0.005771057
0.9999,0.00286,-0.01291,-0.00447,-0.5659687,0.01519899,-0.005851101
0.9999,0.00283,-0.01284,-0.00446,-0.5701708,0.01468293,-0.005923976
0.9999,0.00278,-0.01279,-0.00445,-0.5743309,0.01413141,-0.005987459
0.99991,0.00283,-0.01268,-0.00444,-0.5784805,0.01358011,-0.006080831
0.99991,0.00283,-0.01268,-0.00444,-0.5826395,0.01304347,-0.006208042
0.99991,0.00274,-0.01261,-0.00442,-0.5867653,0.01248655,-0.006339405
0.99991,0.00278,-0.01253,-0.00441,-0.5908691,0.01191552,-0.006490606
0.99991,0.00282,-0.01242,-0.0044,-0.5949769,0.01134729,-0.006642925
0.99991,0.00284,-0.01233,-0.0044,-0.5990729,0.01076107,-0.006746403
0.99991,0.00281,-0.01228,-0.0044,-0.603155,0.01015831,-0.006828543
0.99991,0.00281,-0.01228,-0.0044,-0.6072278,0.00955365,-0.006923617
0.99991,0.0028,-0.01218,-0.00439,0,0,0
0.99991,0.00273,-0.01208,-0.00437,0,0,0
0.99991,0.00269,-0.01202,-0.00437,0,0,0
0.99992,0.00275,-0.01193,-0.00436,0,0,0
0.99992,0.00275,-0.01182,-0.00436,0,0,0
0.99992,0.00274,-0.01177,-0.00436,0,0,0
0.99992,0.00283,-0.01173,-0.00437,0,0,0
0.99992,0.003,-0.01161,-0.00437,0,0,0
0.99992,0.003,-0.01161,-0.00437,0,0,0
0.99992,0.00305,-0.01153,-0.00436,0,0,0
0.99992,0.00288,-0.01136,-0.00437,0,0,0
0.99993,0.0025,-0.01117,-0.00436,0,0,0
0.99993,0.00227,-0.01103,-0.00436,0,0,0
0.99993,0.00229,-0.01092,-0.00436,0,0,0
0.99993,0.00229,-0.01092,-0.00436,0,0,0
0.99993,0.00247,-0.01086,-0.00435,0,0,0
0.99993,0.00246,-0.01083,-0.00434,0,0,0
0.99993,0.0028,-0.01084,-0.00436,0,0,0
0.99993,0.00266,-0.01068,-0.00435,0,0,0
0.99993,0.00259,-0.01064,-0.00434,0,0,0
0.99993,0.00259,-0.01064,-0.00434,0,0,0
0.99993,0.00264,-0.01062,-0.00434,0,0,0
0.99993,0.00264,-0.01044,-0.00433,0,0,0
0.99993,0.00258,-0.01041,-0.00431,0,0,0
0.99993,0.00267,-0.01036,-0.00431,0,0,0
0.99993,0.00284,-0.01028,-0.00431,0,0,0
0.99993,0.00284,-0.01028,-0.00431,0,0,0
0.99993,0.00291,-0.01029,-0.00432,0,0,0
0.99993,0.00316,-0.01031,-0.00432,0,0,0
0.99994,0.00307,-0.01007,-0.00432,0,0,0
0.99994,0.00298,-0.01001,-0.00432,0,0,0
0.99994,0.00295,-0.00996,-0.00432,0,0,0
0.99994,0.00295,-0.00996,-0.00432,0,0,0
0.99994,0.00312,-0.00986,-0.00432,0,0,0
0.99994,0.00309,-0.00983,-0.00432,0,0,0
0.99994,0.00323,-0.00982,-0.00431,0,0,0
0.99992,0.00444,-0.01108,-0.00418,-0.001883938,-0.0005766893,-0.01048244
0.99979,0.01268,-0.01595,-0.00011,0,0,0
0.99979,0.01268,-0.01595,-0.00011,0,0,0
0.99995,0.00249,-0.00871,0.00346,-0.0003211837,-1.805007E-05,-0.008923956
0.99981,0.00885,-0.01624,0.00619,-0.0008195153,-0.001886054,-0.02240978
0.99987,0.00945,-0.01052,0.00784,-0.001117909,-0.005505986,-0.03327405
0.99987,0.00945,-0.01052,0.00784,-0.001356003,-0.009042121,-0.04588309
0.99982,0.00929,-0.01278,0.01077,-0.001903526,-0.01039832,-0.05667425
0.99979,0.01315,-0.01291,0.0095,-0.003148339,-0.009744075,-0.06631053
0.9999,0.00913,-0.01011,-0.00238,-0.005525874,-0.01042312,-0.07587464
0.99991,0.00693,-0.00989,-0.00587,-0.008490643,-0.01150365,-0.0863416
0.99991,0.00693,-0.00989,-0.00587,-0.01128899,-0.01181421,-0.09845503
0.99979,0.01213,-0.01166,-0.01171,-0.01394967,-0.01145213,-0.1108849
0.99937,0.0202,-0.01501,-0.02485,-0.01559675,-0.01046451,-0.119503
0.99944,0.01774,-0.01387,-0.02494,-0.01500392,-0.007797824,-0.12161
0.9995,0.02068,-0.01197,-0.02069,0,0,0
0.99961,0.01853,-0.01158,-0.01718,0,0,0
0.9997,0.01667,-0.01261,-0.01241,-0.001166699,0.001945836,0.0002198742
0.9997,0.01667,-0.01261,-0.01241,-0.0034957,0.005841329,0.0006553908
0.99984,0.00765,-0.01118,-0.0117,-0.005886935,0.009542456,0.001738018
0.99989,0.00191,-0.00946,-0.01157,-0.008122597,0.01289682,0.0008601221
0.99989,-6E-05,-0.00931,-0.01161,-0.01052357,0.01531007,-0.004547827
0.99986,0.00403,-0.01095,-0.01168,-0.01356569,0.01660809,-0.01148919
0.99982,0.01009,-0.01132,-0.01178,-0.01667467,0.01760593,-0.0174578
0.99976,0.01571,-0.01023,-0.01117,-0.02063008,0.02090926,-0.02362903
0.99976,0.01571,-0.01023,-0.01117,-0.02561433,0.02649938,-0.03059508
0.99929,0.02357,-0.00855,-0.02812,-0.03124767,0.03340494,-0.03557774
0.99895,0.02678,-0.0081,-0.03632,-0.0355672,0.03888799,-0.03822113
0.99907,0.009,-0.01015,-0.04084,-0.03353434,0.02474816,-0.04165553
0.99924,0.00923,-0.0126,-0.03559,-0.02888861,-0.004293743,-0.04731314
0.99919,0.0169,-0.0109,-0.03475,-0.02575019,-0.02723958,-0.05361098
0.99919,0.0169,-0.0109,-0.03475,-0.02234245,-0.0460722,-0.05947271
0.9991,0.02221,-0.01172,-0.03422,-0.01881102,-0.06349204,-0.06512247
0.99919,0.02408,-0.0117,-0.02989,-0.01524742,-0.07802815,-0.06969354
0.99928,0.02724,-0.00829,-0.02488,-0.01163271,-0.08996461,-0.07317393
0.99938,0.02695,-0.00901,-0.02097,-0.008140076,-0.1002611,-0.07643281
0.99943,0.0255,-0.00979,-0.01983,-0.005399626,-0.1098866,-0.07936057
0.99949,0.02288,-0.01098,-0.0193,-0.004096849,-0.1194662,-0.08188693
0.99949,0.02288,-0.01098,-0.0193,-0.003735469,-0.1291521,-0.08435391
0.99954,0.02424,-0.00851,-0.0163,-0.003614774,-0.1384237,-0.0867961
0.99956,0.02485,-0.00819,-0.01378,-0.003663269,-0.1470803,-0.08897162
0.99959,0.02461,-0.0083,-0.01218,-0.003719399,-0.155376,-0.09075481
0.99963,0.02317,-0.00884,-0.01076,-0.004327131,-0.1630215,-0.09234419
0.99968,0.02032,-0.01145,-0.00963,-0.00544485,-0.1702153,-0.0940009
0.99968,0.02057,-0.01129,-0.00903,-0.007170308,-0.1768728,-0.09589271
0.99968,0.02057,-0.01129,-0.00903,-0.009457193,-0.1829475,-0.09791739
0.99968,0.02117,-0.01089,-0.00873,-0.0116373,-0.1886808,-0.09932518
0.99968,0.02114,-0.01052,-0.00961,-0.01423846,-0.1938374,-0.09979594
0.9997,0.02014,-0.01069,-0.00948,-0.01735187,-0.1985907,-0.09989569
0.99971,0.01877,-0.01116,-0.00986,-0.02055538,-0.2031332,-0.100073
0.99972,0.01748,-0.0117,-0.01062,-0.02376105,-0.2076487,-0.1003104
0.99972,0.01748,-0.0117,-0.01062,-0.02686319,-0.2121798,-0.1004797
0.99971,0.01664,-0.01222,-0.01242,-0.02975824,-0.2167659,-0.1006801
0.99968,0.01593,-0.0131,-0.01487,-0.03198758,-0.2216712,-0.1008343
0.99962,0.01621,-0.01318,-0.01779,0,0,0
0.99957,0.01643,-0.013,-0.02057,0,0,0
0.99955,0.01542,-0.01277,-0.02231,0,0,0
0.99955,0.01542,-0.01277,-0.02231,0,0,0
0.99961,0.0147,-0.01302,-0.01982,0,0,0
0.99974,0.01452,-0.01069,-0.0137,-0.00155945,-0.001625228,-0.000858606
0.99976,0.01521,-0.01093,-0.01123,-0.006062265,-0.004659651,-0.002902071
0.99972,0.0181,-0.01169,-0.00945,-0.01168241,-0.007342427,-0.002157598
0.99975,0.01697,-0.01131,-0.00947,-0.01691937,-0.009920084,0.001210771
0.99977,0.01565,-0.01126,-0.00943,-0.02168845,-0.01252665,0.003707633
0.99977,0.01565,-0.01126,-0.00943,-0.02610185,-0.01512781,0.005819051
0.99975,0.01626,-0.0117,-0.00943,-0.03035474,-0.0176488,0.007573832
0.99975,0.01683,-0.01184,-0.00918,-0.03432962,-0.02004318,0.008751417
0.99975,0.0168,-0.01188,-0.00915,-0.03809309,-0.02242394,0.01003604
0.99975,0.01679,-0.01169,-0.00914,-0.0417892,-0.0248301,0.01172841
0.99967,0.01939,-0.01192,-0.01159,-0.04572904,-0.02460509,0.01128673
0.99967,0.01939,-0.01192,-0.01159,-0.04988611,-0.02175628,0.008630861
0.99949,0.02777,-0.00896,-0.01326,0,0,0
0.9994,0.03079,-0.00729,-0.01392,0.0009815566,-0.000857118,0.001809482
0.999,0.04265,-0.00263,-0.01347,0.002998644,-0.003274267,0.006266485
0.99773,0.06563,0.00068,-0.01494,0.005323564,-0.005020221,0.01213191
0.99495,0.0976,0.00104,-0.02347,0.006715375,-0.004902383,0.019516
0.99495,0.0976,0.00104,-0.02347,0.006924617,-0.004291041,0.02784413
0.9903,0.13571,0.00122,-0.02984,0.006531744,-0.004306506,0.03878599
0.97813,0.20535,0.00317,-0.03305,0.004477187,-0.0029789,0.05419762
0.97813,0.20535,0.00317,-0.03305,0.001371856,0.0003262273,0.07145686
0.95286,0.30101,0.00605,-0.03754,-0.00590887,0.00279215,0.08904595
0.90438,0.42508,0.00694,-0.03687,-0.01801236,0.004560308,0.1050675
0.83935,0.54231,-0.00154,-0.03721,-0.0280773,0.002280925,0.1167361
0.78734,0.61586,-0.00663,-0.02761,-0.03211826,-0.007118709,0.1286261
0.74815,0.66345,0.00483,-0.0088,-0.03232826,-0.01869761,0.1425691
0.74815,0.66345,0.00483,-0.0088,-0.03204536,-0.02952451,0.1558881
0.71137,0.70249,0.01899,0.01015,-0.03076564,-0.04019695,0.1688523
0.67972,0.73255,0.03224,0.01768,-0.03068227,-0.04981069,0.1806584
0.66465,0.74599,0.03519,0.0225,-0.02977822,-0.0578649,0.1894849
0.65517,0.75426,0.03559,0.02405,-0.02593388,-0.06335378,0.1959283
0.64493,0.76294,0.03721,0.02451,-0.02300969,-0.06650633,0.2016368
0.64493,0.76294,0.03721,0.02451,-0.02093208,-0.06923255,0.2068168
0.63519,0.7712,0.0369,0.02077,-0.0192599,-0.0709557,0.2121069
0.63526,0.7712,0.03682,0.01837,-0.01884141,-0.07275193,0.2182923
0.63247,0.77343,0.03793,0.01875,-0.01986662,-0.07534228,0.2257501
0.62469,0.7798,0.03586,0.01954,-0.02039488,-0.0744997,0.2334214
0.61592,0.78716,0.02549,0.01921,-0.01925648,-0.06839955,0.2407338
0.59576,0.80249,0.02261,0.02395,-0.01823737,-0.06003087,0.2466713
0.59576,0.80249,0.02261,0.02395,-0.01790302,-0.05149267,0.2513107
0.57298,0.81882,0.02179,0.02756,-0.01798775,-0.04311258,0.2550956
0.53879,0.84176,0.0196,0.02774,-0.02024967,-0.03432874,0.2549255
0.50173,0.86434,-0.00593,0.03402,-0.02362182,-0.02174387,0.2511639
0.47773,0.87632,-0.03967,0.04753,-0.02573807,-0.004111456,0.248804
0.47773,0.87632,-0.03967,0.04753,-0.02723751,0.01533694,0.2483286
0.47661,0.8741,-0.05448,0.07638,-0.02867923,0.03103249,0.2465371
0.48523,0.86574,-0.06639,0.10317,-0.03099557,0.04151481,0.2445957
0.48359,0.86438,-0.06972,0.11884,-0.0332491,0.05286091,0.2427142
0.43097,0.89106,-0.07181,0.12298,-0.03563931,0.06027715,0.2437009
0.40173,0.90542,-0.07362,0.11577,-0.03761621,0.06389802,0.2508248
0.40173,0.90542,-0.07362,0.11577,-0.03804797,0.06997759,0.2601111
0.38578,0.91268,-0.07136,0.11445,-0.03962795,0.07580267,0.2690689
0.38008,0.91512,-0.06361,0.11856,-0.04372673,0.08103503,0.2888339
0.38424,0.90819,-0.01014,0.16565,-0.04966384,0.08411302,0.317705
0.40387,0.89839,0.03123,0.16973,-0.0546893,0.08575952,0.3412775
0.41762,0.89348,0.05538,0.15562,-0.05888692,0.08790302,0.3602566
0.41762,0.89348,0.05538,0.15562,-0.06363608,0.09015892,0.3779117
0.39462,0.90555,0.05877,0.1442,-0.06521657,0.08926827,0.3973297
0.35234,0.92596,0.05602,0.12372,-0.06724106,0.09151033,0.4215789
0.2928,0.94988,0.04779,0.09857,-0.07052774,0.0972246,0.4456476
0.22588,0.97036,0.03765,0.07719,-0.07458117,0.1004783,0.464444
0.16717,0.98273,0.04164,0.0675,-0.08354761,0.09729748,0.4814106
0.1515,0.98421,0.05684,0.07174,-0.09338471,0.09248044,0.5024739
0.1515,0.98421,0.05684,0.07174,-0.1022879,0.09281574,0.5274316
0.07483,0.99083,0.0606,0.09474,-0.1094654,0.08853989,0.5572403
-0.0392,0.99017,0.05324,0.12323,-0.1169197,0.08061621,0.5907152
-0.13714,0.97995,0.03966,0.13897,-0.1241008,0.07206708,0.6169053
-0.17168,0.97801,0.02415,0.1159,-0.1276859,0.06290339,0.6348027
-0.17952,0.97882,0.01325,0.09753,-0.1292641,0.0545542,0.6507919
-0.17952,0.97882,0.01325,0.09753,-0.1301562,0.04604533,0.6670657
-0.19439,0.9769,0.01189,0.08792,-0.1308872,0.03667938,0.6819762
-0.20272,0.97501,0.0197,0.08873,-0.1318625,0.02805388,0.6956384
-0.21104,0.97265,0.02738,0.09314,-0.1329902,0.02231924,0.7066413
-0.21595,0.97056,0.02892,0.10266,-0.1329833,0.01710589,0.71331
-0.22926,0.96633,0.02788,0.1134,-0.1326671,0.01117305,0.718511
-0.22926,0.96633,0.02788,0.1134,-0.1329229,0.005292781,0.7238042
-0.24529,0.96108,0.02462,0.12468,-0.1336097,-0.0007218883,0.7251396
-0.27503,0.95337,0.0258,0.1216,-0.1353479,-0.008390283,0.7217689
-0.32566,0.93926,0.02621,0.10511,-0.1390141,-0.01340132,0.717681
-0.40082,0.91194,0.01964,0.08556,-0.1443857,-0.01292881,0.715252
-0.47218,0.8798,0.00989,0.05395,-0.149769,-0.01102491,0.7143111
-0.51661,0.85572,0.01,0.0274,-0.153659,-0.01080261,0.7090209
-0.51661,0.85572,0.01,0.0274,-0.1564325,-0.01237881,0.699513
-0.57217,0.81968,0.01042,0.02533,-0.1608756,-0.01432952,0.6901867
-0.6183,0.78577,0.00511,0.0157,-0.1676185,-0.01489299,0.6809188
-0.66255,0.74897,0.00409,-0.00699,-0.1745467,-0.01468726,0.6721355
-0.6976,0.71619,0.01287,-0.01604,-0.179135,-0.0166137,0.6647977
-0.7202,0.6935,0.01465,-0.01241,-0.1804208,-0.01748548,0.6588881
-0.73398,0.67917,0.0019,-0.00021,-0.1832892,-0.01324774,0.6541962
-0.73398,0.67917,0.0019,-0.00021,-0.1891386,-0.006087148,0.6501231
-0.76197,0.64592,-0.00748,0.04608,-0.1932691,0.001317087,0.6493959
-0.78839,0.60542,-0.02579,0.10602,0,0,0
-0.8056,0.57444,-0.04469,0.13794,0,0,0
-0.82682,0.54129,-0.04424,0.14635,-0.001321731,0.001280513,-0.001191656
-0.82682,0.54129,-0.04424,0.14635,-0.003960795,0.00384536,-0.003579199
-0.85796,0.49241,-0.03413,0.1424,-0.007525309,0.005769544,-0.003979149
-0.88843,0.43966,-0.03072,0.12824,-0.01039681,0.008711103,-0.001781143
-0.90767,0.4003,-0.03898,0.11988,-0.01208263,0.01361836,0.0001786237
-0.92869,0.34723,-0.05109,0.1198,-0.01393048,0.01780225,0.00256998
-0.94842,0.27543,-0.06937,0.14079,-0.01163317,0.01910086,0.007559293
-0.95852,0.21241,-0.0912,0.16677,-0.005447857,0.01778332,0.0157911
-0.95852,0.21241,-0.0912,0.16677,0.0007598406,0.01571153,0.02593916
-0.96147,0.15714,-0.13006,0.18433,0.005652533,0.01220543,0.03486361
-0.96417,0.10485,-0.15644,0.18682,0.009517764,0.008597355,0.04134038
-0.96554,0.07432,-0.16896,0.18348,0.01355695,0.007896744,0.04574852
-0.96676,0.05358,-0.17311,0.18037,0.01708348,0.01002254,0.04921312
-0.96738,0.04181,-0.17581,0.17752,0.01881498,0.01373042,0.05362872
-0.96738,0.04181,-0.17581,0.17752,0.01915051,0.0177691,0.05909431
-0.9684,0.02682,-0.17726,0.17338,0.0183358,0.02192808,0.06541552
-0.96897,0.00543,-0.18066,0.16864,0.0155707,0.02747777,0.07170483
-0.96949,-0.01417,-0.18067,0.16506,0.0122559,0.0354518,0.07584836
-0.97038,-0.02591,-0.1779,0.1614,0.009488252,0.04591665,0.07857212
-0.97033,-0.03016,-0.17868,0.16007,0.006158561,0.05776475,0.08159903
-0.97033,-0.03016,-0.17868,0.16007,0.001970062,0.0696592,0.0850906
-0.97036,-0.03387,-0.17972,0.15794,-0.002133056,0.08158904,0.08818786
-0.97056,-0.03631,-0.17984,0.15604,-0.005993587,0.09388217,0.09064194
-0.97045,-0.0369,-0.18086,0.15543,-0.009440538,0.1070564,0.09323575
-0.96967,-0.03762,-0.18313,0.15741,-0.01284312,0.1200197,0.09690411
-0.96933,-0.03955,-0.18449,0.15746,-0.01650864,0.1321552,0.1011605
-0.96901,-0.04137,-0.18658,0.15648,-0.01999517,0.1439183,0.1049321
-0.96901,-0.04137,-0.18658,0.15648,-0.023243,0.1553808,0.1083084
-0.96867,-0.03863,-0.19029,0.15486,-0.0263735,0.1658514,0.1122757
-0.96805,-0.03358,-0.19372,0.15565,-0.02932099,0.1749064,0.1174758
-0.96651,-0.02653,-0.19948,0.15925,-0.03137302,0.1834656,0.1233115
-0.96317,-0.01845,-0.20804,0.16938,-0.03201836,0.192767,0.1289655
-0.95592,-0.00087,-0.22773,0.18537,-0.03219408,0.2035255,0.1334505
-0.95592,-0.00087,-0.22773,0.18537,-0.03247711,0.2149271,0.1369418
-0.94717,0.02562,-0.25075,0.19835,-0.03251574,0.2252896,0.1406516
-0.93802,0.05532,-0.27196,0.20761,-0.03437045,0.2342356,0.1463367
-0.92599,0.08581,-0.29254,0.22273,-0.03950476,0.2433446,0.1538274
-0.90939,0.11685,-0.31528,0.24485,-0.04672186,0.2509927,0.1606019
-0.8981,0.11801,-0.33098,0.26447,-0.05366635,0.2583877,0.165017
-0.8981,0.11801,-0.33098,0.26447,-0.05947455,0.2675311,0.1678377
-0.88702,0.13518,-0.3392,0.28261,-0.0666116,0.2753271,0.171671
-0.87641,0.165,-0.34314,0.29486,-0.07809034,0.2793602,0.1807262
-0.86872,0.1877,-0.3517,0.29394,-0.09528431,0.2888823,0.1961165
-0.8437,0.30267,-0.33441,0.29108,-0.1071925,0.3044539,0.2085441
-0.77896,0.46857,-0.30167,0.28751,-0.1081347,0.32057,0.2150059
-0.71133,0.58942,-0.26,0.28106,-0.1076693,0.3364191,0.2181781
-0.71133,0.58942,-0.26,0.28106,-0.1087654,0.3496095,0.2189294
-0.66689,0.66063,-0.20925,0.27394,-0.1099738,0.3623106,0.2185099
-0.61994,0.71538,-0.17679,0.26953,-0.113425,0.3697132,0.214892
-0.5468,0.78262,-0.14817,0.258,-0.1212553,0.3702459,0.2095159
-0.45259,0.84705,-0.12037,0.25135,-0.1305005,0.3740844,0.2070905
-0.45259,0.84705,-0.12037,0.25135,-0.1389032,0.3832974,0.2073383
-0.35922,0.8954,-0.10073,0.24303,-0.1445332,0.3960387,0.2120921
-0.28089,0.92611,-0.08954,0.23539,-0.1475564,0.4147912,0.220422
-0.18133,0.95838,-0.09049,0.2011,-0.1477455,0.4358595,0.2280094
-0.07631,0.97815,-0.09235,0.1699,-0.1475556,0.4598039,0.2349952
0.00721,0.98305,-0.11743,0.1406,-0.1493158,0.4847615,0.23755
0.068,0.97887,-0.14345,0.12887,-0.1469082,0.506578,0.2324211
0.12596,0.97006,-0.167,0.12337,-0.1444815,0.524297,0.2220758
0.12596,0.97006,-0.167,0.12337,-0.1455324,0.5390292,0.2105561
0.17545,0.95887,-0.18958,0.11768,-0.147735,0.5528542,0.2005351
0.20954,0.95034,-0.19803,0.11718,-0.1501162,0.5631369,0.1916943
0.25583,0.94065,-0.18867,0.11884,-0.1499559,0.5753303,0.1807982
0.28538,0.93134,-0.17492,0.1434,-0.1510717,0.5890958,0.168771
0.31831,0.92059,-0.16679,0.15291,-0.1555735,0.5993257,0.1604455
0.31831,0.92059,-0.16679,0.15291,-0.1606167,0.6089935,0.155216
0.33389,0.91413,-0.16729,0.15781,-0.1629478,0.6204049,0.1501811
0.35428,0.90628,-0.16005,0.16592,-0.1627826,0.6339242,0.1436045
0.38372,0.89239,-0.16023,0.17529,-0.1619699,0.646028,0.138383
0.38802,0.8904,-0.15959,0.17653,-0.1605054,0.655665,0.1366503
0.38802,0.8904,-0.15959,0.17653,-0.159243,0.6646226,0.1353067
0.37998,0.89463,-0.16396,0.16844,-0.1587264,0.6735154,0.1338587
0.36163,0.90227,-0.17397,0.15769,-0.160684,0.6811725,0.1344111
0.36163,0.90227,-0.17397,0.15769,-0.1643611,0.6876666,0.1370598
0.33044,0.91333,-0.18898,0.14465,-0.1685347,0.6952659,0.1426639
0.3039,0.91965,-0.21559,0.12416,-0.1693986,0.7038963,0.1456653
0.34952,0.90538,-0.22321,0.09108,-0.167922,0.7104997,0.1415094
0.38897,0.89095,-0.22054,0.07924,-0.1705592,0.71221,0.1316005
0.38861,0.89495,-0.18647,0.11524,-0.1766415,0.7106717,0.1193307
0.3962,0.89566,-0.14458,0.14111,-0.1846975,0.7104858,0.1139145
0.3962,0.89566,-0.14458,0.14111,-0.1939214,0.7119684,0.1135508
0.41843,0.89042,-0.1225,0.13064,-0.2021295,0.7163547,0.1162067
0.45429,0.87583,-0.10641,0.12338,-0.2103585,0.7234299,0.1206581
0.52716,0.83719,-0.09573,0.10976,-0.2206133,0.7283697,0.1231436
0.64744,0.74615,-0.07721,0.1346,-0.2370915,0.7333336,0.1281416
0.71498,0.67704,-0.04389,0.16881,-0.2545717,0.7361854,0.1344835
0.71498,0.67704,-0.04389,0.16881,-0.2678194,0.7349802,0.138915
0.72391,0.66349,-0.03194,0.18629,-0.2777416,0.7344491,0.1434787
0.73492,0.64995,-0.02354,0.19209,-0.2855228,0.7344067,0.1491021
0.75658,0.61849,-0.00245,0.21225,-0.2931222,0.7359215,0.1545867
0.77756,0.58429,0.02284,0.23128,-0.2993127,0.7399071,0.1619779
0.79989,0.54391,0.04042,0.25041,-0.3069241,0.7430799,0.1809821
0.84823,0.45887,0.04736,0.2602,-0.3154103,0.7463357,0.2112667
0.84823,0.45887,0.04736,0.2602,-0.3232991,0.7512228,0.2441833
0.90608,0.31729,0.08179,0.26769,-0.3316536,0.7553401,0.2721409
0.92914,0.25758,0.10554,0.24334,-0.3423586,0.756456,0.2903405
0.934,0.27314,0.08858,0.2126,-0.3527527,0.7547299,0.2996205
0.93113,0.29897,0.04243,0.2045,-0.3582949,0.7552508,0.3000132
0.92463,0.33444,-0.01983,0.18117,-0.3620215,0.7629853,0.2997302
0.92463,0.33444,-0.01983,0.18117,-0.3665887,0.7750755,0.3035387
0.93934,0.30959,-0.03268,0.14398,-0.3735468,0.7851889,0.3121788
0.95115,0.27977,0.01618,0.12956,-0.3816422,0.790011,0.3237642
0.9559,0.25806,0.05802,0.12764,-0.3879547,0.7923051,0.3329506
0.96006,0.23508,0.08441,0.12609,-0.3939769,0.7931026,0.3403932
0.96365,0.21463,0.09659,0.1264,-0.3997953,0.7898694,0.3449343
0.96365,0.21463,0.09659,0.1264,-0.4051707,0.7848885,0.3478048
0.96552,0.19766,0.11473,0.12469,-0.4103946,0.7787496,0.3482643
0.96483,0.18822,0.13585,0.12338,-0.4154455,0.7710022,0.3450713
0.96128,0.19178,0.15468,0.12344,-0.420426,0.7637601,0.3409893
0.95641,0.21528,0.15339,0.12411,-0.4255989,0.7591838,0.3397398
0.95094,0.25304,0.13172,0.11973,-0.4305388,0.7580982,0.3409458
0.94423,0.29599,0.09088,0.11204,-0.4339063,0.7626654,0.3415464
0.94423,0.29599,0.09088,0.11204,-0.4361669,0.7711121,0.3415577
0.93638,0.33496,0.04103,0.09647,-0.4366376,0.7772585,0.343448
0.90297,0.41994,-0.0041,0.09093,-0.4373288,0.7732954,0.3445879
0.85806,0.505,-0.03183,0.0877,-0.4422352,0.7517006,0.3391796
0.84693,0.52704,-0.01123,0.06946,-0.4499907,0.728043,0.3374129
0.86814,0.49066,0.02213,0.07144,-0.458193,0.7249871,0.3527031
0.91355,0.39238,0.05763,0.09023,-0.4608342,0.7354012,0.3630913
0.91355,0.39238,0.05763,0.09023,-0.4581031,0.7464505,0.3590729
0.95516,0.27186,0.0395,0.11044,-0.4548616,0.7582659,0.3570687
0.97389,0.19564,0.02768,0.11179,-0.4512405,0.7692901,0.3632663
0.97968,0.16505,0.02939,0.11013,-0.4483701,0.7766768,0.3755579
0.98169,0.15477,0.0215,0.10891,-0.4457388,0.7825763,0.3881311
0.98169,0.15477,0.0215,0.10891,-0.4427177,0.7890766,0.4010712
0.98473,0.13866,0.0154,0.10416,-0.4407111,0.7951273,0.4131639
0.98879,0.11317,0.00487,0.09725,-0.438949,0.8000514,0.422915
0.99258,0.07438,-0.0029,0.0962,-0.4366158,0.8041539,0.4299799
0.995,0.03264,-0.00671,0.09414,-0.4342993,0.807345,0.4344818
0.99583,-0.00015,-0.008,0.09083,0,0,0
0.9959,0.00148,-0.01165,0.0897,0,0,0
0.9959,0.00148,-0.01165,0.0897,0,0,0
0.99572,0.00959,-0.01638,0.09042,0,0,0
0.99572,0.00728,-0.01434,0.09102,0.0001406511,0.0001992629,0.002107849
0.99574,0.00552,-0.01302,0.09113,0,0,0
0.99579,-0.00115,-0.01477,0.09048,-0.0006466997,0.0006521384,0.003638237
0.99582,-0.0057,-0.01058,0.09056,0,0,0
0.9958,-0.00655,-0.0101,0.09072,0,0,0
0.9958,-0.00655,-0.0101,0.09072,0,0,0
0.99579,-0.00482,-0.01196,0.09074,0,0,0
0.9958,0.00147,-0.01212,0.0907,0,0,0
0.99573,0.00544,-0.01393,0.09108,0,0,0
0.99574,0.00574,-0.01241,0.09123,-0.0003960736,0.0004735255,0.002148383
0.99573,0.00308,-0.01225,0.0914,0,0,0
0.99573,0.00308,-0.01225,0.0914,0,0,0
0.99575,-0.00161,-0.01145,0.09139,0,0,0
0.99576,-0.00479,-0.01026,0.0913,0,0,0
0.99576,-0.00568,-0.00984,0.09133,0,0,0
0.99571,0.00564,-0.00904,0.09187,-0.002726478,-0.00103836,-0.01109519
0.99546,0.0105,-0.0062,0.09442,-0.008249368,-0.002901188,-0.0250119
0.99516,0.00818,-0.00421,0.09787,-0.01496356,-0.003367922,-0.03047812
0.99516,0.00818,-0.00421,0.09787,-0.02279473,-0.00264863,-0.03577176
0.99459,0.00752,-0.00184,0.10363,-0.02912866,-0.001251098,-0.03945001
0.99486,0.01444,-0.00301,0.10021,-0.03364936,0.00372266,-0.03963089
0.99486,0.01444,-0.00301,0.10021,-0.03784526,0.01160204,-0.03793824
0.99569,0.01274,-0.00901,0.09147,-0.04118377,0.01722196,-0.03531486
0.99638,0.01349,-0.01435,0.0827,-0.04383736,0.02100252,-0.032313
0.99695,0.01271,-0.01563,0.0754,0,0,0
0.99749,0.00995,-0.01531,0.06841,0,0,0
0.99768,0.00706,-0.01499,0.06609,0,0,0
0.99768,0.00706,-0.01499,0.06609,0,0,0
0.99768,0.00815,-0.01349,0.0662,0,0,0
0.99769,0.0091,-0.01154,0.06628,-0.002655573,0.0007167636,-0.0003769098
0.99779,0.01118,-0.01091,0.06453,-0.007601955,0.002729239,-0.0008307719
0.99784,0.01193,-0.01118,0.06361,-0.01192171,0.005562194,-0.0009985045
0.99802,0.01126,-0.0118,0.06071,0,0,0
0.99802,0.01126,-0.0118,0.06071,0,0,0
0.99832,0.01221,-0.01223,0.05523,0,0,0
0.99869,0.01217,-0.01228,0.04819,0,0,0
0.99898,0.01212,-0.01397,0.04118,0,0,0
0.99915,0.01165,-0.01555,0.03649,0,0,0
0.99927,0.01015,-0.01549,0.03347,0,0,0
0.99927,0.01015,-0.01549,0.03347,0,0,0
0.99929,0.00889,-0.01274,0.03428,0,0,0
0.99932,0.00588,-0.011,0.03481,0,0,0
0.99937,0.00199,-0.00662,0.03494,0,0,0
0.99937,-0.00408,-0.00437,0.03494,0,0,0
0.99935,-0.0089,-0.00271,0.03483,0,0,0
0.99934,-0.01016,-0.00191,0.03496,0,0,0
0.99936,-0.00736,-0.00264,0.03491,0,0,0
0.99936,-0.00736,-0.00264,0.03491,0,0,0
0.99938,-0.00173,-0.00325,0.03499,0,0,0
0.99937,0.00208,-0.00422,0.03523,0,0,0
0.99937,0.0026,-0.00386,0.03524,0,0,0
0.99937,1E-05,-0.00335,0.03531,0,0,0
0.99936,-0.00444,-0.00213,0.03544,0,0,0
0.99936,-0.00444,-0.00213,0.03544,0,0,0
0.99934,-0.00763,-0.00132,0.03562,0,0,0
0.99934,-0.00741,-0.00106,0.03564,0,0,0
0.99935,-0.00525,-0.0016,0.03565,0,0,0
0.99936,-0.00113,-0.00215,0.03555,0,0,0
0.99936,0.00096,-0.00257,0.03557,0,0,0
0.99936,0.00096,-0.00257,0.03557,0,0,0
0.99936,0.00148,-0.00243,0.03558,0,0,0
0.99936,-0.00067,-0.00217,0.03566,0,0,0
0.99935,-0.00383,-0.00114,0.03574,0,0,0
0.99934,-0.0056,-0.00075,0.03585,0,0,0
0.99934,-0.00562,-0.00088,0.03591,0,0,0
0.99934,-0.00562,-0.00088,0.03591,0,0,0
0.99935,-0.00327,-0.00101,0.03587,0,0,0
0.99936,-0.00127,-0.00151,0.03582,0,0,0
0.99936,0.00021,-0.00154,0.03578,0,0,0
0.99936,0.00021,-0.00154,0.03578,0,0,0
0.99934,-0.00536,-0.00147,0.03585,0.0004096368,-0.002984548,-0.0008342431
0.99922,-0.00243,-0.00101,0.03949,0,0,0
0.99913,0.00613,-0.00073,0.04122,0,0,0
0.99912,0.00702,0.00021,0.04135,-0.00083152,0.0006527106,0.00186419
0.99914,0.00776,-6E-05,0.04071,0,0,0
0.99914,0.00776,-6E-05,0.04071,0,0,0
0.99914,0.007,-0.00062,0.04075,0,0,0
0.99911,0.00764,-0.00117,0.04148,0,0,0
0.99904,0.00701,-0.0011,0.04313,0,0,0
0.99895,0.00641,-0.00086,0.0454,0,0,0
0.99888,0.00421,0.00144,0.04705,-0.002451209,0.0007793845,0.001032964
0.99888,0.00421,0.00144,0.04705,-0.00734923,0.002341975,0.003094662
0.99868,0.00192,0.00232,0.05136,-0.0124969,0.004150259,0.004228851
0.99865,-0.00247,0.00337,0.0517,-0.01787116,0.00612327,0.004336763
0.99864,-0.00367,0.00356,0.05179,-0.02296451,0.007881189,0.003698808
0.99865,-0.00316,0.00365,0.05178,-0.02776991,0.00932299,0.002339657
0.99864,3E-05,0.00292,0.05197,-0.03230585,0.01049991,0.001029483
0.99864,0.003,0.00207,0.05206,0,0,0
0.99864,0.003,0.00207,0.05206,0,0,0
0.99863,0.00482,0.00188,0.05209,0,0,0
0.99863,0.00363,0.00179,0.05216,0,0,0
0.99863,0.00112,0.00239,0.05224,0,0,0
0.99863,-0.00171,0.00278,0.05231,0,0,0
0.99862,-0.00211,0.00282,0.05239,0,0,0
0.99862,-0.00211,0.00282,0.05239,0,0,0
0.99862,-0.00139,0.00274,0.05239,0,0,0
0.99863,0.00124,0.00226,0.05234,0,0,0
0.99862,0.00258,0.00191,0.05239,0,0,0
0.99862,0.00326,0.00174,0.05237,0,0,0
0.99862,0.00186,0.00196,0.05238,0,0,0
0.99862,0.00186,0.00196,0.05238,0,0,0
0.99862,5E-05,0.00232,0.05243,0,0,0
0.99862,-0.0011,0.0025,0.05245,0,0,0
0.99862,-0.00112,0.0024,0.05247,0,0,0
0.99862,0.00011,0.00221,0.05245,0,0,0
0.99862,0.0015,0.00179,0.05243,0,0,0
0.99862,0.00213,0.00169,0.05241,0,0,0
0.99862,0.00213,0.00169,0.05241,0,0,0
0.99862,0.00167,0.00168,0.05243,0,0,0
0.99862,0.00042,0.00186,0.05245,0,0,0
0.99862,-0.00052,0.0019,0.05246,0,0,0
0.99862,-0.00081,0.0019,0.05248,0,0,0
0.99862,0.00019,0.00169,0.05246,0,0,0
0.99862,0.00019,0.00169,0.05246,0,0,0
0.99862,0.00108,0.00138,0.05245,0,0,0
0.99862,0.00155,0.00121,0.05245,0,0,0
0.99862,0.00129,0.00122,0.05245,0,0,0
0.99862,0.00036,0.00137,0.05247,0,0,0
0.99862,-0.0004,0.00139,0.05249,0,0,0
0.99862,-0.0004,0.00139,0.05249,0,0,0
0.99862,-0.00036,0.00135,0.05249,0,0,0
0.99862,0.00029,0.00122,0.05248,0,0,0
0.99862,0.00092,0.00105,0.05247,0,0,0
0.99862,0.00135,0.00093,0.05246,0,0,0
0.99862,0.00105,0.00097,0.05247,0,0,0
0.99862,0.00039,0.00105,0.05247,0,0,0
0.99862,-6E-05,0.00108,0.05247,0,0,0
0.99862,-6E-05,0.00108,0.05247,0,0,0
0.99862,-2E-05,0.00109,0.05247,0,0,0
0.99862,0.00043,0.00098,0.05247,0,0,0
0.99862,0.00095,0.00086,0.05247,0,0,0
0.99862,0.00117,0.00082,0.05246,0,0,0
0.99862,0.00083,0.00085,0.05246,0,0,0
0.99862,0.00083,0.00085,0.05246,0,0,0
0.99862,0.00031,0.00088,0.05246,0,0,0
0.99862,0.00013,0.00083,0.05247,0,0,0
0.99862,0.00076,0.00076,0.05246,0,0,0
0.99862,0.00199,0.00054,0.05243,0,0,0
0.99862,0.0039,0.00024,0.05229,0,0,0
0.99862,0.0039,0.00024,0.05229,0,0,0
0.99862,0.00676,-0.00013,0.05199,0,0,0
0.99865,0.00802,-0.00086,0.05123,0,0,0
0.99866,0.00848,-0.0012,0.05112,0,0,0
0.99866,0.00824,-0.0011,0.05112,0,0,0
0.99866,0.00743,-0.00107,0.05126,0,0,0
0.99866,0.00743,-0.00107,0.05126,0,0,0
0.99864,0.00772,-0.00116,0.05145,0,0,0
0.99863,0.00872,-0.001,0.05152,0,0,0
0.99852,0.00868,-0.00038,0.05374,0,0,0
0.99834,0.01112,0.00025,0.05647,0,0,0
0.99826,0.01591,0.00266,0.05675,0,0,0
0.99826,0.01591,0.00266,0.05675,0,0,0
0.99819,0.02931,0.00757,0.05196,0,0,0
0.99761,0.05029,0.01211,0.04576,0,0,0
0.99589,0.07803,0.01491,0.04343,-0.0009317833,-7.129271E-05,0.002299187
0.9926,0.11272,0.01673,0.04191,-0.00245691,7.467627E-05,0.007763408
0.98762,0.15076,0.01866,0.03908,-0.003771191,0.00105859,0.01366644
0.98171,0.18579,0.01976,0.03658,0,0,0
0.98171,0.18579,0.01976,0.03658,0,0,0
0.97699,0.20953,0.01939,0.03477,0,0,0
0.9749,0.21919,0.01927,0.03387,0,0,0
0.97536,0.217,0.01854,0.0352,0,0,0
0.97734,0.20763,0.01676,0.03757,6.139319E-05,-0.001352265,-0.001816322
0.97734,0.20763,0.01676,0.03757,0.0001885774,-0.004052973,-0.005453199
0.98256,0.18123,0.01439,0.03904,0.0004565819,-0.007830546,-0.008452707
0.98843,0.14503,0.01236,0.04266,0.000462637,-0.01317101,-0.01143293
0.98843,0.14503,0.01236,0.04266,7.471799E-05,-0.01898987,-0.01503971
0.9938,0.09974,0.01011,0.04812,-0.0009901332,-0.02462958,-0.0181233
0.99651,0.06339,0.00904,0.05349,-0.003105702,-0.02877671,-0.02095016
0.99783,0.03504,0.00521,0.05556,0,0,0
0.99832,0.0151,-6E-05,0.05602,0,0,0
0.99846,0.00697,-0.00207,0.05494,-0.001103846,-0.0005174671,0.002169463
0.99857,0.01041,-0.00147,0.05238,0,0,0
0.99867,0.00983,-0.00114,0.05057,0,0,0
0.99872,0.01178,-0.00125,0.0491,0,0,0
0.99878,0.01094,-0.00168,0.04803,0,0,0
0.99879,0.01212,-0.00153,0.04768,0,0,0
0.99879,0.01212,-0.00153,0.04768,0,0,0
0.99879,0.01266,-0.00164,0.04756,0,0,0
0.9988,0.01203,-0.0019,0.04749,0,0,0
0.99883,0.01121,-0.00191,0.04708,0,0,0
0.99885,0.00997,-0.00195,0.04686,0,0,0
0.99889,0.00995,-0.00174,0.04604,0,0,0
0.99893,0.01012,-0.00164,0.0451,0,0,0
0.99893,0.01012,-0.00164,0.0451,0,0,0
0.99893,0.01012,-0.00164,0.0451,0,0,0
0.99896,0.01039,-0.00172,0.04441,0,0,0
0.99896,0.01034,-0.00164,0.04435,0,0,0
0.99896,0.01052,-0.00148,0.04435,0,0,0
0.99895,0.00997,-0.00123,0.04473,0,0,0
0.99895,0.00997,-0.00123,0.04473,0,0,0
0.99892,0.01014,-0.00093,0.04524,0,0,0
0.99892,0.01053,-0.00082,0.04517,0,0,0
0.99892,0.01086,-0.00062,0.04508,0,0,0
0.99892,0.01049,-0.00047,0.04516,0,0,0
0.99892,0.01033,-0.00035,0.04531,0,0,0
0.99892,0.01043,-0.0003,0.0453,0,0,0
0.99892,0.01043,-0.0003,0.0453,0,0,0
0.99892,0.01055,-0.00035,0.04522,0,0,0
0.99892,0.01085,-0.00046,0.04518,0,0,0
0.99892,0.01107,-0.00058,0.0451,0,0,0
0.99893,0.01074,-0.00079,0.04505,0,0,0
0.99894,0.01012,-0.00092,0.04495,0,0,0
0.99894,0.01012,-0.00092,0.04495,0,0,0
0.99897,0.00995,-0.0009,0.04425,0,0,0
0.99899,0.0102,-0.00091,0.04379,0,0,0
0.999,0.01036,-0.00083,0.04359,0,0,0
0.999,0.01036,-0.00079,0.04344,0,0,0
0.99902,0.01058,-0.00082,0.04288,0,0,0
0.99902,0.01058,-0.00082,0.04288,0,0,0
0.99905,0.0117,-0.00073,0.04193,0,0,0
0.99909,0.01417,-0.00069,0.04032,0,0,0
0.99913,0.01689,-6E-05,0.03801,0,0,0
0.99906,0.02276,0.00408,0.03673,0,0,0
0.99833,0.04339,0.01009,0.03683,-0.0004578238,6.248524E-05,0.002497744
0.99612,0.07964,0.01294,0.0351,-0.001077096,6.914456E-05,0.009233887
0.99612,0.07964,0.01294,0.0351,-0.001395594,-3.868584E-05,0.01770646
0.99049,0.13328,0.01476,0.03085,-0.001832323,0.0008534595,0.02648937
0.97983,0.19761,0.01843,0.02329,-0.002870702,0.002365174,0.03549883
0.96263,0.26928,0.02536,0.01368,-0.005909903,0.006130322,0.0421601
0.94092,0.33736,0.02821,0.0072,-0.01134455,0.0122291,0.04689289
0.91218,0.40862,0.03041,0.00576,-0.01773209,0.01645646,0.05122491
0.91218,0.40862,0.03041,0.00576,-0.0241945,0.01911261,0.05482024
0.88123,0.47169,0.02977,0.00723,-0.0287562,0.01940545,0.05802211
0.85901,0.51105,0.02905,0.00956,-0.03006314,0.01564697,0.06160869
0.84448,0.53467,0.02883,0.01275,-0.03009199,0.01128827,0.06522454
0.83135,0.55503,0.02539,0.01266,-0.03042142,0.008598303,0.06901219
0.81692,0.57614,0.02063,0.01659,-0.03085847,0.005771806,0.07382494
0.81692,0.57614,0.02063,0.01659,-0.03117848,0.00222786,0.07874209
0.80084,0.59809,0.02112,0.02236,-0.03081525,-0.001493737,0.08240553
0.7894,0.61264,0.02977,0.02513,0,0,0
0.77523,0.62988,0.04254,0.0214,-0.002350405,0.001574564,0.001203833
0.75432,0.65493,0.04184,0.01792,-0.006577624,0.003967651,0.005700685
0.73801,0.67326,0.04011,0.02139,-0.007274536,0.006343355,0.01298664
0.73038,0.68145,0.04232,0.01931,-0.004312041,0.01069285,0.01974182
0.73038,0.68145,0.04232,0.01931,-0.0007424572,0.0162813,0.02526207
0.72969,0.68221,0.04277,0.01791,0.002693919,0.02293525,0.03043707
0.73067,0.68132,0.04105,0.01524,0.005714543,0.03003846,0.03498875
0.73165,0.68064,0.03628,0.00996,0.008061828,0.03590281,0.03930316
0.72834,0.68438,0.0329,0.00783,0.01046155,0.04199386,0.04319571
0.72233,0.69076,0.032,0.00729,0.01314501,0.04895768,0.04728604
0.72233,0.69076,0.032,0.00729,0.015669,0.05594495,0.05203689
0.71592,0.69733,0.03336,0.00868,0.01805516,0.06239061,0.05562733
0.71115,0.70227,0.03246,0.0054,0.01992788,0.06818143,0.05855528
0.7103,0.70331,0.02882,0.00023,0.02135086,0.07401245,0.06198511
0.71246,0.70123,0.02545,-0.00557,0.02191115,0.08015633,0.0651269
0.71199,0.70184,0.01871,-0.01206,0.02231101,0.08719245,0.06896017
0.71199,0.70184,0.01871,-0.01206,0.02333904,0.09496139,0.07377695
0.70946,0.7044,0.02019,-0.00919,0.0240249,0.1018512,0.07861217
0.70614,0.70767,0.02256,-0.00746,0.0239152,0.107019,0.08315407
0.70558,0.70826,0.02024,-0.01075,0.02351486,0.1115665,0.08773421
0.7083,0.70551,0.0201,-0.0128,0.02262124,0.1163966,0.09277856
0.71265,0.70107,0.01947,-0.01591,0.02183,0.1210833,0.09673128
0.71265,0.70107,0.01947,-0.01591,0.02179714,0.125567,0.09947813
0.71507,0.69872,0.01557,-0.01497,0.02136048,0.129996,0.103151
0.7187,0.69502,0.01647,-0.01205,0.01970354,0.1340906,0.1080158
0.72107,0.69259,0.01447,-0.01307,0.01727808,0.13754,0.1127534
0.72244,0.69118,0.01293,-0.01336,0.01478695,0.1406386,0.1174173
0.72552,0.68796,0.01272,-0.01316,0.01242046,0.1439627,0.1222686
0.72552,0.68796,0.01272,-0.01316,0.01029229,0.147498,0.126988
0.73141,0.68168,0.01797,-0.00562,0.01061545,0.1517246,0.1314654
0.75825,0.65173,0.01719,0.00372,0.017868,0.1592413,0.1313372
0.80656,0.59106,0.00466,-0.00952,0.02756997,0.1647941,0.1265891
0.85401,0.51942,0.00196,-0.02927,0.03435605,0.1596175,0.1192493
0.8953,0.44429,0.00059,-0.0324,0.03902696,0.1477473,0.1097471
0.8953,0.44429,0.00059,-0.0324,0.04246995,0.1353502,0.1004182
0.92979,0.36594,-0.00045,-0.0398,0.04502765,0.1205855,0.08893423
0.95913,0.27941,-0.00109,-0.04463,0.04595654,0.1026926,0.07424358
0.98439,0.16819,-0.00384,-0.05172,0.04640514,0.08349081,0.05970057
0.99765,0.03468,0.00484,-0.05883,0.04528554,0.06269357,0.05487194
0.99827,0.01445,-0.00033,-0.05703,0.04263634,0.04018246,0.06240706
0.99822,0.02459,0.00066,-0.05435,0.04086748,0.01709541,0.07489466
0.99822,0.02459,0.00066,-0.05435,0.03968595,-0.005892996,0.0884777
0.99841,0.02043,0.00771,-0.05202,0.03879482,-0.02717078,0.09826046
0.99863,0.00279,0.00466,-0.052,0.03789799,-0.04522408,0.1022496
0.99872,-0.00176,0.00193,-0.05061,0.03718125,-0.06113397,0.1017644
0.99871,0.00734,0.00174,-0.05022,0.03677062,-0.07493535,0.09931901
0.99868,0.01135,-0.00018,-0.05017,0.03624973,-0.08665266,0.09853069
0.99869,0.01037,0.00032,-0.05003,0.03586195,-0.09657732,0.1002555
0.99869,0.01037,0.00032,-0.05003,0.03555625,-0.1053068,0.1033486
0.99873,0.00324,0.0015,-0.0502,0.03498925,-0.1135388,0.1065011
0.99874,-0.00111,0.00412,-0.05004,0.033604,-0.1206785,0.1099013
0.99874,-0.00038,0.00458,-0.04996,0.03146891,-0.1266498,0.1113731
0.99875,0.00272,0.00317,-0.04991,0.02905318,-0.1317959,0.1103821
0.99874,0.00696,0.00168,-0.04969,0.02677062,-0.1363152,0.1104773
0.99874,0.00696,0.00168,-0.04969,0.02470896,-0.140459,0.1120049
0.99872,0.00913,0.00215,-0.04964,0.0226905,-0.1440976,0.1137188
0.99875,0.00556,0.00217,-0.04961,0.02070792,-0.1469386,0.1159664
0.99876,0.00154,0.00378,-0.04965,0,0,0
0.99876,-0.00019,0.00449,-0.04961,0,0,0
0.99876,0.00157,0.00397,-0.04958,0,0,0
0.99875,0.00533,0.00308,-0.04957,0,0,0
0.99875,0.00533,0.00308,-0.04957,0,0,0
0.99875,0.00672,0.00233,-0.04945,0,0,0
0.99876,0.00593,0.0026,-0.04943,0,0,0
0.99877,0.00285,0.00325,-0.04933,0,0,0
0.99877,0.00125,0.00382,-0.04935,0,0,0
0.99877,0.0021,0.00378,-0.04933,0,0,0
0.99877,0.0021,0.00378,-0.04933,0,0,0
0.99877,0.00446,0.00314,-0.04932,0,0,0
0.99876,0.00613,0.00238,-0.04925,0,0,0
0.99877,0.00597,0.00266,-0.04923,0,0,0
0.99878,0.00405,0.00329,-0.0492,0,0,0
0.99878,0.00251,0.00385,-0.04911,0,0,0
0.99878,0.00251,0.00385,-0.04911,0,0,0
0.99878,0.00262,0.00397,-0.04909,0,0,0
0.99878,0.00418,0.00362,-0.04907,0,0,0
0.99877,0.00578,0.00316,-0.04909,0,0,0
0.99877,0.00597,0.00315,-0.04908,0,0,0
0.99878,0.0049,0.00347,-0.04906,0,0,0
0.99878,0.0049,0.00347,-0.04906,0,0,0
0.99878,0.00362,0.00394,-0.04902,0,0,0
0.99878,0.00337,0.00405,-0.049,0,0,0
0.99878,0.00435,0.00382,-0.049,0,0,0
0.99878,0.00566,0.00352,-0.049,0,0,0
0.99878,0.00584,0.00336,-0.04899,0,0,0
0.99878,0.00547,0.00354,-0.04899,0,0,0
0.99878,0.00547,0.00354,-0.04899,0,0,0
0.99878,0.00481,0.00377,-0.04897,0,0,0
0.99878,0.00395,0.00415,-0.04896,0,0,0
0.99878,0.00425,0.00408,-0.04893,0,0,0
0.99878,0.0051,0.00389,-0.04892,0,0,0
0.99878,0.00624,0.00363,-0.04892,0,0,0
0.99878,0.00624,0.00363,-0.04892,0,0,0
0.99878,0.00624,0.00373,-0.04892,0,0,0
0.99878,0.00624,0.00373,-0.04892,0,0,0
0.99878,0.00534,0.00382,-0.04892,0,0,0
0.99879,0.0044,0.00435,-0.04888,0,0,0
0.99878,0.00499,0.00424,-0.04889,0,0,0
0.99878,0.00516,0.00441,-0.04887,0,0,0
0.99878,0.00559,0.00404,-0.04887,0,0,0
0.99878,0.00559,0.00404,-0.04887,0,0,0
0.99878,0.00625,0.00369,-0.04886,0,0,0
0.99878,0.006,0.00386,-0.04886,0,0,0
0.99878,0.00529,0.00387,-0.04886,0,0,0
0.99879,0.00534,0.0038,-0.04883,0,0,0
0.99878,0.00559,0.00391,-0.04882,0,0,0
0.99878,0.00559,0.00391,-0.04882,0,0,0
0.99878,0.00598,0.00399,-0.04883,0,0,0
0.99878,0.00607,0.00387,-0.04881,0,0,0
0.99878,0.00607,0.00382,-0.0488,0,0,0
0.99878,0.00588,0.00389,-0.0488,0,0,0
0.99878,0.0058,0.00402,-0.04879,0,0,0
0.99878,0.0058,0.00402,-0.04879,0,0,0
0.99878,0.00585,0.00394,-0.04878,0,0,0
0.99878,0.006,0.0039,-0.04878,0,0,0
0.99878,0.00623,0.00381,-0.04877,0,0,0
0.99878,0.00624,0.00373,-0.04877,0,0,0
0.99878,0.00618,0.00375,-0.04876,0,0,0
0.99878,0.00618,0.00375,-0.04876,0,0,0
0.99879,0.00606,0.00382,-0.04874,0,0,0
0.99879,0.00602,0.00381,-0.04874,0,0,0
0.99879,0.00619,0.00376,-0.04873,0,0,0
0.99878,0.00649,0.00367,-0.04872,0,0,0
0.99878,0.00656,0.00364,-0.04872,0,0,0
0.99879,0.00644,0.0037,-0.04871,0,0,0
0.99879,0.00644,0.0037,-0.04871,0,0,0
0.99879,0.00626,0.00382,-0.04871,0,0,0
0.99879,0.00629,0.00379,-0.04871,0,0,0
0.99878,0.00658,0.00367,-0.0487,0,0,0
0.99878,0.00692,0.00357,-0.0487,0,0,0
0.99878,0.00684,0.00363,-0.0487,0,0,0
0.99879,0.00647,0.00371,-0.04869,0,0,0
0.99879,0.00647,0.00371,-0.04869,0,0,0
0.99879,0.00629,0.00375,-0.04868,0,0,0
0.99879,0.00652,0.00366,-0.04868,0,0,0
0.99878,0.00702,0.00351,-0.04867,0,0,0
0.99878,0.00724,0.00348,-0.04866,0,0,0
0.99878,0.00724,0.00348,-0.04866,0,0,0
0.99878,0.00699,0.0036,-0.04866,0,0,0
0.99879,0.00658,0.00372,-0.04865,0,0,0
0.99879,0.00652,0.00371,-0.04864,0,0,0
0.99879,0.00689,0.00362,-0.04863,0,0,0
0.99878,0.00729,0.0035,-0.04863,0,0,0
0.99878,0.00728,0.00348,-0.04862,0,0,0
0.99879,0.00696,0.00357,-0.04861,0,0,0
0.99879,0.00696,0.00357,-0.04861,0,0,0
0.99879,0.00672,0.00361,-0.04861,0,0,0
0.99879,0.00682,0.00358,-0.04859,0,0,0
0.99879,0.00723,0.00347,-0.04859,0,0,0
0.99878,0.00753,0.00343,-0.04859,0,0,0
0.99879,0.00737,0.00349,-0.0486,0,0,0
0.99879,0.00737,0.00349,-0.0486,0,0,0
0.99879,0.00699,0.00355,-0.04858,0,0,0
0.99879,0.00693,0.00356,-0.04858,0,0,0
0.99879,0.00716,0.0035,-0.04858,0,0,0
0.99879,0.00748,0.00339,-0.04857,0,0,0
0.99879,0.00755,0.00337,-0.04857,0,0,0
0.99879,0.00738,0.00346,-0.04856,0,0,0
0.99879,0.00738,0.00346,-0.04856,0,0,0
0.99879,0.00712,0.00352,-0.04856,0,0,0
0.99879,0.00709,0.0035,-0.04855,0,0,0
0.99879,0.00733,0.00342,-0.04855,0,0,0
0.99879,0.00761,0.00335,-0.04854,0,0,0
0.99879,0.00759,0.00334,-0.04853,0,0,0
0.99879,0.00759,0.00334,-0.04853,0,0,0
0.99879,0.00735,0.0034,-0.04851,0,0,0
0.99879,0.00719,0.00348,-0.04853,0,0,0
0.99879,0.0073,0.00345,-0.04852,0,0,0
0.99879,0.00756,0.00338,-0.04852,0,0,0
0.99879,0.00779,0.00334,-0.04852,0,0,0
0.99879,0.00779,0.00334,-0.04852,0,0,0
0.99879,0.00766,0.00336,-0.04853,0,0,0
0.99879,0.00742,0.00342,-0.04853,0,0,0
0.99879,0.00732,0.00346,-0.04852,0,0,0
0.99879,0.0075,0.00337,-0.04852,0,0,0
0.99879,0.00781,0.00326,-0.04851,0,0,0
0.99879,0.00789,0.00326,-0.04851,0,0,0
0.99879,0.00789,0.00326,-0.04851,0,0,0
0.99879,0.00769,0.00335,-0.04851,0,0,0
0.99879,0.00769,0.00335,-0.04851,0,0,0
0.99879,0.00741,0.0034,-0.04852,0,0,0
0.99879,0.00747,0.00337,-0.04852,0,0,0
