0.99791,0.01426,-0.05844,0.02363,-0.59960,0.12629,-0.48438
0.99788,0.01362,-0.05916,0.02355,0.42572,-0.29179,-1.37861
0.99787,0.01399,-0.05916,0.02357,-0.06285,0.02185,-0.87553
0.99787,0.01471,-0.05899,0.02359,0.24181,-0.04504,-0.53076
0.99787,0.01569,-0.05881,0.02355,-0.66020,3.95791,0.05836
0.99786,0.01826,-0.05892,0.02164,-0.95020,2.73717,0.05073
0.99794,0.01847,-0.05869,0.01827,-0.11612,-2.45211,0.09831
0.99803,0.01781,-0.05779,0.01663,1.13276,-1.75196,0.02394
0.99812,0.01822,-0.05660,0.01510,0.10759,-0.58404,-0.52912
0.99812,0.01903,-0.05657,0.01382,0.03666,-0.11283,-0.63880
0.99809,0.02004,-0.05680,0.01356,0.07991,-0.98043,-0.29269
0.99811,0.02054,-0.05632,0.01323,0.02230,-0.36826,-0.28850
0.99813,0.02100,-0.05591,0.01322,-0.02245,-0.65511,0.11313
0.99815,0.02158,-0.05513,0.01365,-0.11776,-0.73337,-0.07482
0.99812,0.02297,-0.05464,0.01530,-0.09008,-0.09786,0.08335
0.99810,0.02495,-0.05374,0.01697,-0.10250,0.52553,0.05941
0.99810,0.02711,-0.05208,0.01861,-0.00464,0.15413,-0.29149
0.99812,0.02877,-0.05024,0.02019,-0.08993,0.18944,-0.10175
0.99812,0.02966,-0.04916,0.02155,0.33235,0.19677,0.07437
0.99811,0.02944,-0.04876,0.02289,0.04265,-0.07542,-0.08469
0.99813,0.02882,-0.04811,0.02417,-0.62504,0.22476,-0.49844
0.99815,0.02877,-0.04744,0.02475,-0.34895,-0.34851,-0.57640
0.99820,0.02941,-0.04594,0.02504,-0.36317,-0.03591,0.04878
0.99830,0.03062,-0.04316,0.02453,-0.65377,0.20665,0.48123
0.99841,0.03244,-0.03962,0.02360,-1.08278,-0.33429,0.40582
0.99846,0.03513,-0.03642,0.02293,0.47300,-0.41285,0.24181
0.99845,0.03849,-0.03335,0.02247,0.75223,-0.14530,0.06524
0.99840,0.04240,-0.03065,0.02169,0.14335,-0.03666,-0.28626
0.99830,0.04693,-0.02781,0.02064,-0.10849,0.18435,-0.50188
0.99812,0.05244,-0.02479,0.01968,0.04519,0.69716,0.48752
0.99783,0.05939,-0.02156,0.01836,0.01167,0.60753,1.11271
0.99739,0.06798,-0.01774,0.01653,0.11941,0.70644,1.24603
0.99673,0.07839,-0.01390,0.01394,0.25753,0.74116,0.89528
0.99584,0.08997,-0.01002,0.01047,0.23598,0.07886,0.88870
0.99477,0.10173,-0.00619,0.00720,0.32471,0.10864,0.43365
0.99365,0.11242,-0.00255,0.00439,0.17523,-0.06464,0.06614
0.99249,0.12230,0.00080,0.00164,0.34701,0.26740,-0.02260
0.99115,0.13269,0.00402,-0.00162,0.00584,-0.00314,-0.26725
0.98931,0.14548,0.00801,-0.00553,-0.00584,0.27144,-0.43589
0.98666,0.16196,0.01331,-0.01012,-0.30870,0.82376,0.00569
0.98300,0.18193,0.01910,-0.01590,-0.25019,0.60214,0.88152
0.97852,0.20336,0.02566,-0.02186,0.02424,0.23568,1.01559
0.97361,0.22433,0.03253,-0.02639,0.04310,0.02364,0.44757
0.96840,0.24430,0.04022,-0.02988,-0.79742,0.26276,-0.33938
0.96288,0.26345,0.04846,-0.03338,-0.24825,-0.05926,-0.38352
0.95690,0.28234,0.05744,-0.03656,-0.08410,0.20605,-0.87134
0.95032,0.30125,0.06764,-0.03959,0.16834,0.71048,-0.07916
0.94330,0.32022,0.07600,-0.04330,-0.09846,0.95409,0.16610
0.93547,0.33996,0.08409,-0.04739,-0.69342,1.55967,0.48527
0.92639,0.36089,0.09418,-0.05196,-0.88496,2.10061,0.71736
0.91581,0.38331,0.10531,-0.05729,-0.02873,1.00033,1.06901
0.90436,0.40540,0.11824,-0.06165,0.65796,0.83872,1.37173
0.89302,0.42562,0.13131,-0.06426,1.34734,1.00916,0.56324
0.88250,0.44305,0.14331,-0.06608,0.88092,2.08445,0.60888
0.87293,0.45821,0.15264,-0.06880,0.46881,2.00963,0.26531
0.86414,0.47198,0.15839,-0.07351,0.44427,1.94469,0.68579
0.85567,0.48471,0.16315,-0.07917,0.24421,1.30768,1.05509
0.84736,0.49613,0.16951,-0.08425,0.76405,1.29062,1.22074
0.83977,0.50583,0.17590,-0.08936,1.43278,1.37667,1.60786
0.83419,0.51184,0.18220,-0.09459,0.86625,0.62608,1.63314
0.83101,0.51348,0.18962,-0.09902,1.77994,1.02053,1.49982
0.82963,0.51195,0.19712,-0.10373,-0.44831,1.16867,2.11019
0.82956,0.50798,0.20489,-0.10865,-0.62593,0.83872,1.82393
0.82959,0.50309,0.21475,-0.11210,-0.91593,0.45071,0.49126
0.82874,0.49878,0.22664,-0.11420,0.14201,0.33953,-0.25663
0.82735,0.49536,0.23797,-0.11613,0.79996,-1.97986,-1.11555
0.82831,0.48794,0.24937,-0.11680,1.81241,-0.97743,1.28763
0.83068,0.47819,0.26051,-0.11598,0.60588,0.07542,2.20072
0.83346,0.46706,0.27201,-0.11492,-0.03606,-0.48079,0.09382
0.83729,0.45376,0.28313,-0.11352,-0.79487,-0.13662,0.32426
0.84243,0.43584,0.29690,-0.11049,0.38666,-0.67277,0.38367
0.84909,0.41345,0.31114,-0.10625,1.78159,-1.23795,0.72170
0.85791,0.38860,0.32006,-0.10263,1.01065,-2.10690,-1.39747
0.86674,0.35823,0.33311,-0.09733,-0.45759,-2.05871,-2.49401
0.87398,0.32277,0.35222,-0.08902,2.32522,0.30631,-2.22242
0.88035,0.28798,0.36839,-0.07962,1.61040,0.73128,-1.34270
0.88479,0.25159,0.38621,-0.06855,2.13712,-0.94481,-2.38837
0.88701,0.21166,0.40660,-0.05558,3.87112,-0.24152,-3.24803
0.88710,0.17747,0.42383,-0.04376,2.31220,2.05004,-2.55791
0.88740,0.15255,0.43346,-0.03689,0.54872,1.73340,-1.64272
0.88774,0.13027,0.44037,-0.03206,1.52930,1.15954,-2.94562
0.88861,0.10509,0.44560,-0.02770,1.79954,1.74343,-2.05168
0.88900,0.07501,0.45116,-0.02233,1.93796,1.94963,-2.67762
0.88840,0.03973,0.45707,-0.01561,2.01981,2.03821,-2.90566
0.88663,-0.00301,0.46238,-0.00890,2.61492,1.39253,-2.86466
0.88283,-0.05459,0.46651,-0.00248,2.38642,1.14982,-2.75034
0.87549,-0.11274,0.46989,0.00281,1.23227,1.15341,-2.83264
0.86331,-0.17238,0.47427,0.00685,0.06195,1.95487,-3.92634
0.84824,-0.23010,0.47692,0.00899,0.62489,2.03462,-4.06281
0.82979,-0.28766,0.47814,0.00932,0.92461,1.93197,-4.15933
0.80870,-0.34451,0.47670,0.00872,-0.11328,2.52903,-1.21655
0.78578,-0.39733,0.47395,0.00707,-2.15014,1.65739,-1.15999
0.76171,-0.44599,0.46998,0.00434,-2.18231,1.38924,-1.32893
0.73732,-0.49154,0.46341,0.00108,-2.68764,1.83605,-2.38807
0.71227,-0.53592,0.45328,-0.00374,-0.33893,1.65903,-2.07832
0.68740,-0.57810,0.43952,-0.01043,0.63117,2.31504,-1.91940
0.66292,-0.61621,0.42480,-0.01910,1.95023,2.60235,-1.35766
0.63675,-0.65035,0.41321,-0.02905,2.49640,3.42072,-1.88259
0.60918,-0.68092,0.40450,-0.04047,3.34919,1.49443,-2.24905
0.58144,-0.70749,0.39848,-0.05094,2.60205,0.55605,-3.98575
0.55527,-0.72949,0.39474,-0.06075,2.31893,0.17912,-4.99430
0.53353,-0.74744,0.38933,-0.07148,2.36547,-1.22389,-5.49155
0.51694,-0.76142,0.38254,-0.08175,0.83333,-0.43904,-4.40488
0.50701,-0.77166,0.37347,-0.08944,-0.87194,-0.20904,-2.36383
0.50319,-0.77951,0.36038,-0.09641,0.82331,-1.21655,-1.72457
0.50416,-0.78467,0.34517,-0.10476,1.53768,-1.48680,-1.23571
0.50958,-0.78563,0.33160,-0.11471,1.04866,0.78814,-1.07500
0.52246,-0.77949,0.32150,-0.12679,0.36482,-0.99090,1.84413
0.54200,-0.76551,0.31726,-0.13994,0.05537,0.20261,1.47752
0.56598,-0.74453,0.31832,-0.15494,1.06048,1.18782,-0.02589
0.59097,-0.71905,0.32448,-0.16863,1.22014,0.16116,-2.19758
0.61343,-0.69489,0.33024,-0.17823,1.11809,-2.59008,-3.78972
0.62621,-0.68256,0.33045,-0.18105,1.46256,0.73173,-10.07211
0.63008,-0.68088,0.32618,-0.18171,3.36176,-4.69264,-2.04136
0.63737,-0.67966,0.31615,-0.17850,0.62953,-2.54489,0.66813
0.64712,-0.67672,0.30449,-0.17483,0.87388,-0.22610,-0.13138
0.65829,-0.67307,0.29087,-0.17036,1.08038,1.37816,-1.55069
0.67098,-0.66814,0.27608,-0.16479,1.64137,0.07003,-0.06375
0.68545,-0.66055,0.26185,-0.15897,2.04989,0.91967,0.39774
0.70249,-0.64825,0.25004,-0.15417,2.70126,1.60007,1.62491
0.72420,-0.62900,0.24025,-0.14894,2.14506,0.75357,1.56566
0.75021,-0.60255,0.23162,-0.14306,2.28736,1.07410,0.90935
0.77793,-0.57053,0.22482,-0.13704,2.32297,-0.54992,0.40851
0.80672,-0.53245,0.22007,-0.13141,2.21030,-1.05884,0.50099
0.83330,-0.49165,0.21820,-0.12759,2.76201,-0.88511,0.78590
0.85614,-0.45268,0.21711,-0.12239,2.00365,0.96860,-1.58765
0.87521,-0.41701,0.21589,-0.11617,2.96642,0.49156,-1.64152
0.89104,-0.38408,0.21609,-0.10877,1.38175,0.19184,-1.66876
0.90565,-0.34937,0.21825,-0.10048,1.88588,1.51733,-0.00434
0.91955,-0.31112,0.22187,-0.09165,1.96280,2.47156,0.92955
0.93284,-0.26717,0.22747,-0.08173,-0.31738,3.48596,0.60962
0.94415,-0.21630,0.23753,-0.07337,-1.95561,3.89716,3.18309
0.95161,-0.16505,0.25081,-0.06554,-1.85640,3.46531,3.84629
0.95567,-0.11649,0.26438,-0.05683,-0.89154,2.51167,3.27482
0.95722,-0.07007,0.27669,-0.04750,-0.76510,1.42979,3.39827
0.95699,-0.02759,0.28627,-0.03824,0.12839,0.84276,1.52181
0.95502,0.01366,0.29474,-0.02949,0.59197,1.05913,1.02292
0.95047,0.05832,0.30455,-0.02159,-0.16370,1.89591,0.69836
0.94340,0.10382,0.31461,-0.01522,-0.87044,1.40989,1.56386
0.93532,0.14502,0.32257,-0.00988,-0.89708,0.76360,2.24741
0.92680,0.18138,0.32881,-0.00545,-1.03295,0.79877,3.38839
0.91859,0.21229,0.33334,-0.00250,-1.38205,0.70719,4.49975
0.91147,0.23791,0.33559,-0.00150,-1.15221,0.97145,3.15631
0.90336,0.26103,0.34030,-0.00218,-1.01754,1.80134,1.00287
0.89381,0.28155,0.34902,-0.00295,-0.87523,2.28137,-0.36078
0.88406,0.29850,0.35964,-0.00247,-0.71676,2.41695,-0.31244
0.87332,0.31351,0.37287,-0.00019,0.24915,2.07742,-0.14320
0.86031,0.32720,0.39088,0.00313,0.34102,1.74777,-0.22805
0.84534,0.34088,0.41130,0.00585,-0.70868,1.58915,-1.63823
0.83064,0.35418,0.42958,0.00747,-0.21668,1.49338,-0.11163
0.81690,0.36683,0.44502,0.00848,-0.37200,1.07799,0.04489
0.80466,0.37748,0.45820,0.00849,-0.98596,-0.11522,-0.55725
0.79685,0.38362,0.46671,0.00765,0.07781,-0.23792,-0.36886
0.79216,0.38513,0.47341,0.00642,0.37335,-0.67068,-2.75079
0.78827,0.38313,0.48146,0.00623,0.53032,-0.03980,-0.58553
0.78534,0.37882,0.48958,0.00647,1.04791,-0.13662,-0.67232
0.78292,0.37455,0.49670,0.00604,0.95080,-0.49994,-0.27219
0.78055,0.37101,0.50306,0.00533,1.10732,-0.28326,-0.92700
0.77776,0.36724,0.51010,0.00534,1.58496,-0.92446,-1.11480
0.77431,0.36503,0.51688,0.00602,2.07488,-0.21293,-1.39298
0.77001,0.36633,0.52234,0.00684,1.31771,-0.47405,-2.06739
0.76498,0.36912,0.52773,0.00741,1.30918,-1.34823,-1.73909
0.75994,0.37108,0.53360,0.00783,0.82869,-2.46199,-1.35377
0.75593,0.37062,0.53957,0.00844,0.11911,-2.55791,-0.95708
0.75283,0.36671,0.54651,0.00959,0.59301,-2.22780,-0.89932
0.75084,0.35992,0.55369,0.01112,0.75402,-2.24142,-0.86027
0.74974,0.35206,0.56014,0.01331,1.83396,-1.99048,-1.48979
0.74857,0.34441,0.56637,0.01604,2.48024,-2.68240,-1.74418
0.74731,0.33750,0.57207,0.01899,2.88187,-2.89968,-1.45074
0.74543,0.33053,0.57844,0.02216,2.13159,-2.69916,-1.15401
0.74239,0.32417,0.58582,0.02419,1.82094,-3.11141,-1.38804
0.73851,0.31850,0.59373,0.02523,1.19755,-3.06368,-2.95714
0.73488,0.31081,0.60216,0.02737,0.61157,-1.73370,-1.38430
0.73226,0.30138,0.60993,0.03092,0.36018,0.04714,-0.81493
0.73015,0.29417,0.61569,0.03565,-0.77856,1.94095,-0.62653
0.72773,0.29096,0.61966,0.04200,-0.58404,2.26058,-1.11300
0.72519,0.29079,0.62213,0.04993,1.17076,2.04001,-1.39492
0.72394,0.29210,0.62217,0.05907,1.21266,2.47725,-0.66544
0.72488,0.29297,0.61979,0.06769,-0.39265,3.34859,-0.71826
0.72764,0.29295,0.61586,0.07372,-0.04758,3.46650,-0.40657
0.73172,0.29244,0.61092,0.07648,-1.54965,3.52980,-0.23927
0.73622,0.29115,0.60606,0.07677,-1.77605,3.25342,-0.08739
0.74130,0.28765,0.60163,0.07599,-1.70826,4.12925,0.83079
0.74640,0.28384,0.59722,0.07520,-3.23965,5.28296,0.51685
0.75127,0.27952,0.59335,0.07344,-1.96908,5.98730,-0.35389
0.75601,0.27267,0.59070,0.07194,-1.92569,4.40339,-1.51433
0.76158,0.26145,0.58840,0.07369,-2.03238,3.37029,-0.88541
0.76992,0.24388,0.58445,0.07853,-2.09882,1.79520,-0.37948
0.78068,0.21939,0.57861,0.08729,-1.17421,1.19037,0.14111
0.79360,0.18946,0.56979,0.09818,1.67579,3.90734,2.47964
0.80615,0.15310,0.56157,0.10642,-3.48311,-0.11627,1.23421
0.81741,0.11551,0.55290,0.11310,-0.14515,1.52331,1.60337
0.82775,0.07806,0.54337,0.11608,-0.84665,0.13886,1.91222
0.83673,0.03891,0.53382,0.11579,1.29811,-0.48617,-2.81349
0.84412,-0.00547,0.52409,0.11298,2.40183,2.01786,2.35679
0.84916,-0.05257,0.51423,0.10828,-2.14087,2.98707,-0.55800
0.85218,-0.10106,0.50271,0.10419,2.73837,2.65861,-2.59068
0.85141,-0.15293,0.49067,0.10468,5.08394,2.37969,-3.19416
0.84441,-0.20564,0.48297,0.10687,4.48898,0.21952,-3.02313
0.83228,-0.25630,0.47953,0.10801,4.26722,-0.93568,-2.46139
0.81658,-0.30322,0.47947,0.10657,3.40022,-1.67175,-2.89579
0.79802,-0.34740,0.48150,0.10308,2.03777,-2.68495,-3.17471
0.77776,-0.38959,0.48349,0.09773,0.70015,-3.66986,-2.93918
0.75734,-0.42889,0.48386,0.09153,-0.25019,-2.57586,-1.87511
0.73793,-0.46528,0.48125,0.08583,0.13033,-1.00003,-0.72125
0.71960,-0.49829,0.47684,0.08071,1.36095,0.35943,-0.36706
0.70254,-0.52689,0.47229,0.07587,2.80047,0.21757,-1.11675
0.68718,-0.55017,0.46898,0.07182,3.64816,-0.44727,-1.95516
0.67244,-0.56844,0.46920,0.06746,3.25327,-1.89606,-3.70009
0.66001,-0.58245,0.47017,0.06380,2.71173,-3.15675,-4.97006
0.64911,-0.59361,0.47194,0.05973,1.45089,-4.05189,-4.88133
0.63924,-0.60301,0.47391,0.05611,0.20336,-3.90734,-4.43720
0.62952,-0.61301,0.47439,0.05358,-0.22610,-2.96133,-3.86888
0.61904,-0.62656,0.47051,0.05316,-0.04085,-0.19019,-1.57643
0.60795,-0.64285,0.46264,0.05583,0.46477,1.33118,0.22685
0.59715,-0.65907,0.45318,0.06062,2.74899,2.42069,0.05447
0.58874,-0.67044,0.44671,0.06587,2.97420,1.60531,0.20830
0.58473,-0.67456,0.44522,0.06951,2.24771,-0.62788,-0.82480
0.58569,-0.67170,0.44819,0.07016,1.30364,-1.51987,-1.43263
0.59067,-0.66426,0.45314,0.06728,0.72021,-1.89980,-1.64527
0.59948,-0.65374,0.45755,0.06244,0.54438,-2.34512,-1.64212
0.61326,-0.63971,0.45996,0.05584,-0.24556,-2.16570,0.05162
0.63053,-0.62334,0.46001,0.04762,1.88484,0.54678,0.31259
0.64382,-0.60908,0.46119,0.04268,0.32412,3.12009,-1.79685
0.64723,-0.60379,0.46357,0.04042,1.57509,2.95415,-2.95699
0.64164,-0.60840,0.46524,0.04140,2.10166,3.15586,-2.57766
0.63126,-0.61875,0.46534,0.04601,1.86673,2.59621,-1.01454
0.62025,-0.62975,0.46472,0.05223,1.45283,1.05584,0.36901
0.61160,-0.63816,0.46400,0.05832,1.06228,1.05749,0.79473
0.60590,-0.64370,0.46321,0.06306,0.95214,0.52149,-0.17702
0.60213,-0.64784,0.46208,0.06503,1.64347,-0.47061,-1.29466
0.60077,-0.64948,0.46173,0.06377,1.90519,-1.31876,-1.27850
0.60386,-0.64630,0.46271,0.05964,1.55309,-1.73550,-1.07799
0.61234,-0.63710,0.46516,0.05266,1.64781,-1.74477,-1.14054
0.62602,-0.62158,0.46893,0.04281,1.24708,-1.73984,-1.26773
0.64456,-0.59904,0.47402,0.03149,2.23978,0.75387,0.01062
0.66314,-0.57184,0.48243,0.02233,0.20934,0.95843,-1.00212
0.67657,-0.54792,0.49173,0.01512,0.96082,-1.14443,-2.63302
0.68403,-0.53112,0.49993,0.00921,0.55905,-0.46328,-3.54282
0.68643,-0.52266,0.50557,0.00623,-0.42228,1.74133,-3.27108
0.68502,-0.52142,0.50873,0.00736,-1.44535,1.91401,-0.26471
0.68366,-0.52597,0.50575,0.01371,-0.56129,1.19456,0.29598
0.68528,-0.53023,0.49882,0.02064,0.33983,0.45565,2.14401
0.69159,-0.52898,0.49118,0.02489,0.54752,-0.68280,2.47725
0.70186,-0.52072,0.48538,0.02550,0.41076,0.04444,0.57775
0.71488,-0.50455,0.48362,0.02218,-0.02409,0.09322,-0.05387
0.73056,-0.48046,0.48492,0.01709,0.05611,0.43470,1.27716
0.74838,-0.44951,0.48758,0.01191,-0.20321,0.69013,1.31397
0.76614,-0.41389,0.49159,0.00742,0.03472,1.54157,0.51490
0.78145,-0.37846,0.49607,0.00371,1.83680,1.45508,-1.90743
0.79318,-0.34884,0.49918,0.00131,0.70225,0.51071,-0.83752
0.80345,-0.32595,0.49823,0.00138,0.64404,0.40627,-0.26366
0.81400,-0.31041,0.49095,0.00422,0.50892,0.32307,0.53585
0.82387,-0.30274,0.47908,0.00874,0.18450,-0.15577,-1.33357
0.83308,-0.30121,0.46370,0.01523,-0.51670,0.16236,-0.33818
0.84276,-0.30122,0.44550,0.02347,0.46837,0.53151,1.91820
0.85159,-0.30066,0.42809,0.03380,0.36332,0.91204,0.54079
0.86022,-0.29724,0.41206,0.04334,0.27129,0.25453,2.27150
0.86854,-0.29181,0.39722,0.05195,0.64284,1.53049,0.52238
0.87679,-0.28510,0.38264,0.05949,0.38143,1.62656,0.70225
0.88446,-0.27798,0.36872,0.06715,0.39385,2.44987,-0.23269
0.89176,-0.27005,0.35533,0.07471,0.43350,2.81887,1.11989
0.89813,-0.26305,0.34257,0.08254,0.22116,2.45121,0.90576
0.90370,-0.25773,0.32974,0.09045,0.27788,2.08700,1.52481
0.90856,-0.25438,0.31654,0.09802,0.19228,1.17121,1.24259
0.91326,-0.25170,0.30272,0.10469,0.40866,0.85578,1.13425
0.91763,-0.24875,0.28983,0.10993,-0.01736,0.30855,1.12303
0.92191,-0.24507,0.27754,0.11398,-0.45265,0.12375,2.63617
0.92613,-0.24170,0.26502,0.11679,-0.79039,0.37888,3.50975
0.92997,-0.23964,0.25301,0.11710,0.17567,0.10774,2.66924
0.93341,-0.23699,0.24314,0.11601,0.01541,0.77841,3.18534
0.93637,-0.23322,0.23607,0.11438,-0.71976,1.38834,3.70652
0.93864,-0.22938,0.23207,0.11175,-0.99479,1.35841,4.78421
0.94001,-0.22565,0.23209,0.10769,-1.30170,1.71649,7.75347
0.94037,-0.22391,0.23511,0.10149,-1.87855,1.46390,9.14480
0.93946,-0.22686,0.23922,0.09342,-0.77886,0.06928,9.66405
0.93810,-0.23261,0.24232,0.08458,-0.29838,-0.32636,11.05702
0.93529,-0.24082,0.24841,0.07436,-1.07724,-1.36036,11.02919
0.92900,-0.25174,0.26377,0.06330,-1.69988,-1.59678,11.37036
0.91988,-0.26389,0.28540,0.05229,-3.22798,-1.36859,9.93549
0.90769,-0.27712,0.31254,0.04023,-4.02376,-0.35045,9.38841
0.89356,-0.29179,0.34024,0.02553,-2.97450,-0.32367,7.29244
0.87912,-0.30511,0.36602,0.00937,-2.86481,0.65900,8.59070
0.86489,-0.31727,0.38891,-0.00681,-1.88693,2.90566,5.07496
0.85272,-0.32882,0.40524,-0.02300,2.67402,2.04779,5.62413
0.83962,-0.33876,0.42305,-0.03601,5.08513,4.57502,0.49395
0.82899,-0.34512,0.43797,-0.04293,10.16817,5.40087,0.59182
0.82551,-0.34483,0.44484,-0.04175,9.61107,5.35852,-2.14715
0.82173,-0.34350,0.45311,-0.03827,11.85250,4.72705,-5.59166
0.81617,-0.34369,0.46299,-0.03718,12.61969,2.44433,-8.77789
0.80778,-0.34651,0.47513,-0.04081,10.72198,-1.24050,-8.76517
0.79732,-0.35247,0.48779,-0.04600,5.49529,-2.60010,-6.31845
0.78701,-0.35960,0.49879,-0.05020,1.61833,-0.83423,-3.97572
0.77802,-0.36541,0.50853,-0.05062,0.19543,2.28856,-4.71104
0.76989,-0.36835,0.51888,-0.04846,2.05512,2.67462,-7.12724
0.76377,-0.36568,0.52980,-0.04743,4.90527,0.54543,-8.30579
0.75944,-0.35563,0.54269,-0.04760,3.76279,-2.80571,-8.07145
0.75599,-0.34164,0.55624,-0.04866,4.64625,-5.59390,-8.04751
0.75254,-0.32826,0.56857,-0.05151,0.94960,-8.37103,-6.24168
0.74934,-0.31973,0.57713,-0.05646,-0.37619,-7.23139,-4.37166
0.74555,-0.31831,0.58216,-0.06266,-1.03385,-4.63772,-3.98305
0.74123,-0.32265,0.58467,-0.06817,-0.63207,-1.82992,-2.75064
0.73715,-0.32898,0.58597,-0.07087,-0.24526,1.82633,-2.04121
0.73337,-0.33565,0.58699,-0.07035,0.61082,4.11518,-2.45750
0.73036,-0.34000,0.58863,-0.06692,0.31484,4.69982,-1.95008
0.72860,-0.34170,0.59031,-0.06256,1.98315,3.56751,-2.11857
0.72787,-0.34052,0.59231,-0.05847,1.95068,1.33626,-2.15972
0.72694,-0.33823,0.59508,-0.05523,1.53887,-0.31738,-2.73867
0.72585,-0.33684,0.59732,-0.05375,1.66038,-1.51329,-2.27374
0.72463,-0.33641,0.59902,-0.05407,1.50087,-1.38789,-2.33046
0.72331,-0.33658,0.60034,-0.05586,0.94631,-1.21356,-2.07203
0.72200,-0.33734,0.60131,-0.05783,0.77752,-0.36826,-1.92434
0.72092,-0.33826,0.60195,-0.05922,0.38532,0.27713,-1.18333
0.71992,-0.33949,0.60240,-0.05976,0.38921,0.42392,-1.01769
0.71903,-0.34053,0.60298,-0.05868,0.48378,1.23960,-1.34913
0.71774,-0.34111,0.60437,-0.05685,0.46612,1.50146,-1.34210
0.71667,-0.34061,0.60600,-0.05592,0.02828,0.80296,-0.47211
0.71660,-0.33869,0.60715,-0.05609,-0.40552,0.27114,-0.17343
0.71725,-0.33643,0.60755,-0.05701,-1.00871,0.44188,-0.34701
0.71873,-0.33372,0.60721,-0.05791,-2.14790,-0.09337,0.41854
0.71997,-0.33166,0.60679,-0.05873,-0.99763,0.82854,0.07512
0.72115,-0.33048,0.60598,-0.05927,-0.89663,0.84426,-0.02649
0.72226,-0.33000,0.60495,-0.05895,-0.90501,1.00242,-0.10505
0.72306,-0.32980,0.60418,-0.05807,-0.46941,1.41497,-0.27907
0.72357,-0.32975,0.60367,-0.05745,-0.08365,1.33761,-0.49784
0.72427,-0.32918,0.60315,-0.05728,-0.03307,1.54695,0.10026
0.72477,-0.32838,0.60298,-0.05739,-0.56578,1.48725,-0.05776
0.72580,-0.32735,0.60225,-0.05795,-0.63342,1.19770,0.68744
0.72791,-0.32552,0.60055,-0.05939,-0.75477,1.11405,0.61441
0.73094,-0.32294,0.59797,-0.06223,-0.09592,0.47061,0.36287
0.73414,-0.32007,0.59523,-0.06556,0.24391,0.49470,-0.88196
0.73779,-0.31739,0.59175,-0.06906,0.79712,0.80700,-1.11630
0.74223,-0.31539,0.58670,-0.07353,1.70811,0.98417,-1.05165
0.74639,-0.31376,0.58163,-0.07848,2.41021,1.72008,-1.48949
0.75160,-0.31219,0.57495,-0.08404,2.89489,0.90516,-0.80340
0.75668,-0.31113,0.56798,-0.08962,2.63452,-0.00569,-0.37873
0.76133,-0.31074,0.56114,-0.09451,1.50161,-0.48722,-0.00344
0.76619,-0.31081,0.55374,-0.09859,0.43245,-0.52643,0.14679
0.76986,-0.31142,0.54765,-0.10201,0.27698,-0.19707,0.25259
0.77352,-0.31152,0.54172,-0.10560,0.22341,0.24107,0.66349
0.77743,-0.31097,0.53574,-0.10905,-0.03786,0.83573,0.38651
0.78158,-0.31001,0.52957,-0.11217,0.21503,1.00452,0.18375
0.78622,-0.30847,0.52299,-0.11477,0.36990,0.71003,-0.00898
0.79185,-0.30542,0.51571,-0.11717,0.61830,0.05327,0.61995
0.79895,-0.30050,0.50700,-0.11969,1.19635,-0.73756,0.80325
0.80698,-0.29370,0.49758,-0.12221,0.70719,-1.25037,0.72993
0.81547,-0.28642,0.48736,-0.12426,0.34536,-0.74804,0.71796
0.82327,-0.28000,0.47741,-0.12609,-0.34806,-0.15428,1.81346
0.82937,-0.27715,0.46779,-0.12848,0.53780,-1.72532,0.18181
0.83436,-0.27633,0.45848,-0.13144,0.94885,0.03457,1.05719
0.83917,-0.27585,0.44916,-0.13403,0.66768,0.93254,1.04402
0.84366,-0.27522,0.44049,-0.13589,0.31125,1.11211,0.63207
0.84841,-0.27405,0.43188,-0.13633,0.86101,0.50996,0.76435
0.85477,-0.27036,0.42197,-0.13499,1.38819,0.26291,0.75537
0.86197,-0.26465,0.41147,-0.13287,1.71290,-0.32397,0.41360
0.86915,-0.25841,0.40108,-0.13013,1.46600,-0.15921,0.69162
0.87516,-0.25269,0.39256,-0.12700,0.87044,-0.31110,1.46420
0.88132,-0.24605,0.38393,-0.12379,0.69537,0.44966,1.27252
0.88750,-0.23862,0.37525,-0.12078,0.17283,-0.07138,-0.51236
0.89499,-0.22936,0.36393,-0.11811,1.17870,0.00434,-0.58433
0.90210,-0.21982,0.35288,-0.11564,1.56955,-0.79293,-1.06303
0.90843,-0.21057,0.34293,-0.11319,0.74894,0.22760,0.23613
0.91405,-0.20071,0.33488,-0.10991,-0.07452,2.49581,0.38951
0.91963,-0.18955,0.32722,-0.10620,0.16834,2.23304,0.36272
0.92575,-0.17559,0.31818,-0.10446,1.44789,1.06288,1.01499
0.93147,-0.16107,0.30874,-0.10532,-0.82136,0.88945,0.96591
0.93678,-0.14660,0.29952,-0.10601,1.05644,0.77378,0.34237
0.94215,-0.13197,0.28952,-0.10541,1.40450,0.47555,-0.67666
0.94846,-0.11328,0.27675,-0.10486,4.85784,1.36933,-0.54932
0.95317,-0.09686,0.26573,-0.10711,-1.77650,0.22386,1.09026
0.95686,-0.08168,0.25677,-0.10869,0.82839,-0.94107,-0.19453
0.95957,-0.07039,0.25018,-0.10804,1.03519,-0.39070,1.38235
0.96173,-0.06035,0.24503,-0.10670,0.22446,0.80385,2.09672
0.96436,-0.04919,0.23757,-0.10559,0.53705,1.43203,0.82884
0.96701,-0.03528,0.22895,-0.10595,0.30900,1.09220,-0.06794
0.96902,-0.02075,0.22150,-0.10727,0.32576,0.73592,-0.39400
0.97051,-0.00649,0.21515,-0.10851,1.00272,0.31798,-0.23089
0.97165,0.00843,0.20964,-0.10900,0.43155,0.33070,-0.00808
0.97245,0.02484,0.20447,-0.10917,0.35689,0.58673,0.27668
0.97293,0.04389,0.19832,-0.11026,0.63761,0.43425,0.14365
0.97274,0.06489,0.19234,-0.11208,0.95843,-0.27414,0.38202
0.97166,0.08640,0.18806,-0.11425,1.55099,-0.83722,0.37559
0.96967,0.10670,0.18619,-0.11700,1.29122,-1.18049,2.41171
0.96740,0.12504,0.18511,-0.11933,1.15221,-0.22012,2.29080
0.96492,0.14176,0.18514,-0.12064,0.39160,0.81508,1.24364
0.96199,0.15936,0.18540,-0.12170,-0.24900,1.97522,0.66963
0.95865,0.17796,0.18536,-0.12232,-0.28237,2.53351,0.03097
0.95515,0.19610,0.18559,-0.12160,-0.33624,2.64440,-0.58134
0.95146,0.21426,0.18592,-0.11937,-0.58254,2.83444,-0.01137
0.94713,0.23363,0.18660,-0.11637,-0.63551,2.79448,0.52298
0.94119,0.25612,0.18851,-0.11415,-1.00796,2.08670,0.14485
0.93322,0.28196,0.19098,-0.11458,-0.39085,0.81807,0.49350
0.92377,0.30879,0.19358,-0.11761,0.62354,-1.37966,0.35464
0.91343,0.33516,0.19623,-0.12170,1.44729,-1.68133,-0.18750
0.90325,0.35861,0.20006,-0.12458,1.38460,-1.22419,0.15652
0.89334,0.37916,0.20572,-0.12591,0.95918,-0.24570,0.90606
0.88324,0.39868,0.21143,-0.12744,0.21563,2.03058,0.28805
0.87207,0.41913,0.21647,-0.13025,-0.54663,2.82217,-1.48680
0.85977,0.44015,0.22247,-0.13253,-0.66364,2.22062,-1.36829
0.84691,0.46085,0.22905,-0.13375,-0.01885,0.98087,-1.28883
0.83295,0.48195,0.23601,-0.13498,0.25229,-0.04684,-0.65332
0.81502,0.50634,0.24596,-0.13737,-0.17702,-0.20545,-1.79116
0.79183,0.53375,0.26136,-0.14070,0.22176,-1.61609,-0.00599
0.76933,0.55904,0.27507,-0.14121,1.10687,0.06449,0.91473
0.74942,0.58053,0.28618,-0.13948,0.68070,0.90740,1.14398
0.73000,0.60041,0.29611,-0.13757,0.41524,1.13291,1.14802
0.70742,0.62251,0.30608,-0.13552,0.50488,1.89217,-0.76614
0.68226,0.64576,0.31596,-0.13299,-0.68594,2.32013,-2.84431
0.65755,0.66714,0.32479,-0.13063,-1.08338,2.67657,-3.32734
0.63560,0.68500,0.33165,-0.12962,-0.33938,1.58870,-1.63539
0.61724,0.69921,0.33686,-0.12903,1.57164,0.53301,1.18423
0.60111,0.71084,0.34133,-0.12989,0.41465,-0.46238,0.29628
0.58446,0.72168,0.34896,-0.12573,1.12079,-0.25827,0.36437
0.57062,0.73055,0.35511,-0.12078,2.17109,-0.88481,1.82244
0.56184,0.73658,0.35703,-0.11962,2.06635,-1.49473,1.29496
0.55588,0.74118,0.35663,-0.12026,0.83857,-0.47839,-0.57416
0.55041,0.74506,0.35636,-0.12224,0.28970,0.92282,-2.95011
0.54136,0.74923,0.36015,-0.12598,-1.03310,0.98402,-4.47431
0.52897,0.75413,0.36660,-0.13068,-1.26893,1.30873,-3.59145
0.51740,0.75967,0.37083,-0.13302,-1.49967,2.60070,-2.68136
0.50814,0.76450,0.37316,-0.13446,-0.82016,1.51463,-1.75091
0.50168,0.76769,0.37562,-0.13372,0.28895,2.72580,0.07617
0.49776,0.76871,0.37929,-0.13213,0.78694,-0.65107,1.68387
0.49431,0.76938,0.38239,-0.13224,1.27850,0.17433,0.68265
0.48981,0.77005,0.38590,-0.13482,0.26576,1.05435,-1.65739
0.48500,0.77021,0.39067,-0.13757,4.87998,-2.05378,1.75256
0.47778,0.76971,0.39641,-0.14876,-2.07921,-1.21506,0.90202
0.46925,0.77076,0.40145,-0.15679,2.26776,-0.71153,-2.23903
0.45928,0.77307,0.40523,-0.16495,0.01272,0.37589,-0.20800
0.44705,0.77549,0.41015,-0.17475,-1.40240,0.14156,-1.74148
0.43374,0.77942,0.41357,-0.18259,-0.80595,0.66858,-1.28389
0.42025,0.78377,0.41613,-0.18955,-1.42769,1.26878,-1.37682
0.40667,0.78797,0.41947,-0.19433,-1.03938,1.25142,-2.03537
0.39462,0.79118,0.42302,-0.19839,-0.12599,0.38262,-1.29781
0.38380,0.79352,0.42696,-0.20181,0.41255,-0.12689,-1.13560
0.37364,0.79519,0.43099,-0.20571,0.69731,-0.17148,-2.11722
0.36250,0.79616,0.43598,-0.21128,1.56745,-0.97130,-1.42246
0.35081,0.79639,0.44237,-0.21679,2.26417,-1.89396,-1.26219
0.34090,0.79613,0.44804,-0.22184,1.97312,-0.49575,-1.72667
0.33051,0.79681,0.45139,-0.22828,-0.85174,0.11208,-1.83800
0.31870,0.79833,0.45298,-0.23644,-1.58736,2.24367,-2.53785
0.30634,0.79959,0.45407,-0.24624,-2.04345,1.70796,0.03950
0.29321,0.80096,0.45442,-0.25689,-2.36757,0.01062,0.15592
0.28291,0.80176,0.45370,-0.26701,0.59197,-0.47809,-0.80370
0.27461,0.80286,0.45192,-0.27528,0.05552,-0.96486,0.35314
0.26863,0.80336,0.45025,-0.28235,0.51954,-1.25561,0.35389
0.26537,0.80263,0.45066,-0.28682,3.22170,-2.01098,-1.47662
0.26474,0.80117,0.45248,-0.28862,2.35979,-1.71829,-1.00197
0.26740,0.79843,0.45584,-0.28847,1.33447,-1.61788,-0.90351
0.27246,0.79457,0.46040,-0.28716,-0.40028,-0.07766,-1.56970
0.27651,0.79088,0.46405,-0.28759,-2.21119,1.59409,-2.08730
0.27783,0.78812,0.46618,-0.29041,-2.71966,2.12919,-0.73562
0.27833,0.78585,0.46657,-0.29543,-2.29424,1.65529,0.39370
0.28073,0.78309,0.46598,-0.30137,-1.90818,1.01888,0.35045
0.28604,0.77939,0.46474,-0.30783,-0.86565,0.28192,-0.84396
0.29291,0.77514,0.46330,-0.31420,0.40911,-0.70719,-3.18324
0.30025,0.77074,0.46246,-0.31929,1.62192,-1.26908,-4.12671
0.30918,0.76594,0.46242,-0.32237,1.78592,-1.92195,-4.99520
0.31978,0.76030,0.46368,-0.32356,1.58481,-1.44774,-4.12581
0.33309,0.75308,0.46610,-0.32354,0.93329,-1.26294,-3.76458
0.34935,0.74424,0.47018,-0.32091,0.26860,-0.32516,-2.85733
0.36734,0.73425,0.47445,-0.31755,-1.14967,-0.27114,-2.53172
0.38438,0.72388,0.47737,-0.31682,-1.42231,0.48752,-0.88720
0.40223,0.71252,0.47942,-0.31730,-1.29796,0.51326,-0.50787
0.42136,0.69977,0.48170,-0.31740,-0.35853,-0.35180,-1.89546
0.44028,0.68647,0.48383,-0.31752,0.36078,-0.75507,-2.70036
0.45870,0.67293,0.48566,-0.31764,1.02966,-0.95978,-2.81124
0.47789,0.65802,0.48840,-0.31638,1.71784,-1.60935,-3.02822
0.49851,0.64065,0.49312,-0.31286,2.05856,-2.38552,-2.26881
0.52038,0.62059,0.49975,-0.30712,2.23095,-3.22289,-1.02711
0.54271,0.59883,0.50729,-0.29921,1.60217,-2.71218,0.28686
0.56435,0.57629,0.51566,-0.28894,-0.54558,-1.87152,1.88903
0.58717,0.55120,0.52362,-0.27791,-0.91563,-1.59259,2.20012
0.61021,0.52383,0.53147,-0.26604,-1.03325,-1.39881,2.57107
0.63223,0.49347,0.54075,-0.25371,-1.20114,-1.96773,1.58556
0.65334,0.45910,0.55142,-0.24147,0.43934,-3.23307,-1.58122
0.67090,0.42266,0.56481,-0.22855,3.04453,0.58553,-0.40028
0.68583,0.38594,0.57778,-0.21646,3.74588,0.11073,-3.19162
0.69746,0.35127,0.58880,-0.20848,0.80954,0.62863,-2.25788
0.70675,0.31773,0.59836,-0.20375,2.51077,-1.95561,-3.18429
0.71515,0.28452,0.60731,-0.19694,0.80685,-0.28506,-0.88436
0.72284,0.24795,0.61667,-0.18906,1.64631,-1.25247,-0.76390
0.72928,0.20837,0.62677,-0.17857,-2.06530,0.85727,-1.17825
0.73390,0.16652,0.63624,-0.16987,-0.24675,-0.42557,-2.03672
0.73619,0.12869,0.64368,-0.16471,4.05024,1.65769,-2.31789
0.73595,0.09041,0.65051,-0.16444,-0.62324,-6.52824,-0.82944
0.73538,0.05505,0.65496,-0.16496,0.90516,-2.59172,-2.18112
0.73341,0.02133,0.65906,-0.16523,2.74510,-1.32654,-2.22661
0.73058,-0.00955,0.66261,-0.16461,3.46890,-0.45310,-1.97866
0.72753,-0.03875,0.66502,-0.16416,2.35440,-1.44296,-0.58598
0.72384,-0.06794,0.66673,-0.16407,3.02672,-2.33899,-1.36619
0.71924,-0.09525,0.66879,-0.16230,2.17364,-1.94289,-1.20084
0.71569,-0.11974,0.66947,-0.15893,0.45295,-1.01110,-0.61995
0.71174,-0.14403,0.66976,-0.15528,-0.55575,-1.02532,-0.82196
0.70478,-0.16927,0.67188,-0.15234,-0.91473,-0.28296,-0.99883
0.69787,-0.19408,0.67252,-0.15176,-0.80565,-1.23616,0.73188
0.69414,-0.21445,0.67002,-0.15250,-0.22012,-0.92282,-0.37260
0.69115,-0.23255,0.66668,-0.15415,0.25633,-0.52523,-1.16807
0.68852,-0.24920,0.66262,-0.15743,0.61307,-0.70838,-0.62833
0.68660,-0.26353,0.65818,-0.16103,0.78156,0.07796,-0.49380
0.68548,-0.27596,0.65327,-0.16494,1.20563,0.03906,-0.86221
0.68492,-0.28642,0.64832,-0.16889,2.17259,0.18211,-1.15565
0.68541,-0.29382,0.64377,-0.17160,1.04776,-0.28536,-1.03834
0.68741,-0.29879,0.63878,-0.17365,0.87658,-0.56189,-1.16358
0.68922,-0.30412,0.63366,-0.17597,1.37741,-1.35377,-1.00796
0.69093,-0.30984,0.62844,-0.17798,1.51149,-0.90980,-0.91503
0.69163,-0.31466,0.62477,-0.17972,1.03100,-1.27686,-0.00299
0.69683,-0.31757,0.61696,-0.18148,1.09595,-1.23990,-0.11881
0.70101,-0.31996,0.60998,-0.18478,1.62955,-1.57359,-1.25770
0.70492,-0.32224,0.60325,-0.18799,1.62177,-1.12557,-0.31170
0.70966,-0.32340,0.59599,-0.19127,1.14473,-0.94810,-0.01272
0.71502,-0.32311,0.58860,-0.19467,1.14084,-0.81582,0.13258
0.72136,-0.32228,0.58001,-0.19839,1.87646,-0.57177,0.30361
0.72811,-0.32183,0.57060,-0.20174,1.65110,-0.37200,-0.25438
0.73421,-0.32138,0.56215,-0.20406,1.63733,0.30347,-0.55321
0.74020,-0.32019,0.55435,-0.20563,1.48934,0.28102,-0.68160
0.74642,-0.31863,0.54648,-0.20663,1.10657,-0.60484,0.00524
0.75307,-0.31663,0.53819,-0.20731,0.79607,-1.29437,0.58448
0.76004,-0.31401,0.52971,-0.20772,0.63162,-1.15760,0.54184
0.76740,-0.30999,0.52127,-0.20803,0.74894,-0.85443,0.25184
0.77574,-0.30345,0.51255,-0.20844,0.99374,-0.47510,0.39848
0.78465,-0.29494,0.50372,-0.20880,1.37278,-0.53271,0.29987
0.79320,-0.28587,0.49518,-0.20952,1.93706,-1.23182,0.25917
0.80138,-0.27631,0.48695,-0.21052,1.93511,-1.55189,1.04851
0.80966,-0.26573,0.47853,-0.21179,1.47228,-1.78907,1.60022
0.81808,-0.25406,0.46969,-0.21350,1.52615,-1.98210,1.76707
0.82638,-0.24110,0.46130,-0.21488,1.04028,-1.61309,1.09041
0.83435,-0.22693,0.45354,-0.21601,0.86296,-1.41827,1.39088
0.84182,-0.21164,0.44651,-0.21719,0.74400,-0.71362,1.33177
0.84873,-0.19585,0.44044,-0.21751,0.96097,0.90157,0.37694
0.85581,-0.17781,0.43508,-0.21605,0.60229,2.08445,0.39190
0.86316,-0.15635,0.43029,-0.21298,-0.00045,2.18905,0.13647
0.87052,-0.13122,0.42534,-0.20990,-0.39355,1.27641,0.24211
0.87803,-0.10217,0.41899,-0.20756,-0.48842,0.87957,1.00003
0.88519,-0.06951,0.41082,-0.20698,-0.22221,0.35599,2.05946
0.89121,-0.03422,0.40166,-0.20797,-0.06674,0.54633,2.41635
0.89585,0.00163,0.39198,-0.20931,0.19977,0.74744,1.56760
0.89867,0.03539,0.38303,-0.21077,0.55770,0.77767,1.08248
0.90005,0.06716,0.37477,-0.21203,0.90950,0.98596,0.84171
0.90037,0.09803,0.36680,-0.21256,0.73786,1.14847,0.81627
0.89925,0.12963,0.35980,-0.21234,-0.15802,1.11809,0.52238
0.89711,0.15946,0.35324,-0.21209,-0.16026,0.15787,0.40342
0.89462,0.18600,0.34634,-0.21240,-0.76166,0.65496,1.90115
0.89165,0.21173,0.33863,-0.21319,-0.95454,1.91267,1.86912
0.88800,0.23596,0.33156,-0.21413,-0.72335,1.69794,0.06390
0.88417,0.25744,0.32486,-0.21549,0.09457,0.83034,-0.30765
0.87973,0.27881,0.31838,-0.21674,0.56877,1.94409,-1.11764
0.87466,0.29861,0.31337,-0.21817,0.81672,1.54770,-1.33357
0.86900,0.31741,0.30994,-0.21914,-0.15727,2.38193,-1.69435
0.86326,0.33460,0.30777,-0.21933,-0.29284,3.24369,-0.90231
0.85807,0.34941,0.30619,-0.21880,-1.61698,3.33931,-0.05222
0.85362,0.36293,0.30379,-0.21757,-1.26608,3.90629,1.49653
0.85006,0.37394,0.30173,-0.21568,-0.37365,3.31627,0.11821
0.84712,0.38123,0.30223,-0.21381,-0.37574,2.72894,-0.49590
0.84217,0.38984,0.30697,-0.21104,-0.31648,2.45451,-2.66490
0.83672,0.39799,0.31338,-0.20810,0.88705,2.53381,0.00973
0.82984,0.40662,0.32182,-0.20606,0.23972,1.65918,0.51939
0.82328,0.41408,0.32949,-0.20539,-0.20859,2.01532,0.87628
0.81867,0.41866,0.33475,-0.20602,0.20500,2.15284,1.28314
0.81645,0.42013,0.33739,-0.20752,0.93105,1.72772,1.37068
0.81503,0.42135,0.33822,-0.20929,1.78757,0.72469,1.11465
0.81181,0.42419,0.34167,-0.21045,1.88558,1.52286,2.98901
0.80964,0.42556,0.34535,-0.21000,2.61148,0.64539,3.84673
0.80763,0.42593,0.35004,-0.20924,3.64891,0.16759,5.01331
0.80688,0.42522,0.35389,-0.20712,4.83315,0.70345,3.87187
0.80586,0.42468,0.35813,-0.20489,5.55709,0.94227,5.95722
0.80610,0.42306,0.36088,-0.20243,4.15813,0.35614,6.17495
0.80533,0.42212,0.36395,-0.20197,3.36999,0.75013,6.74417
0.80229,0.42330,0.36872,-0.20296,1.56386,1.41497,5.54407
0.79791,0.42557,0.37414,-0.20555,1.16882,1.75809,7.03521
0.79160,0.42785,0.38376,-0.20747,0.06659,1.02412,4.13254
0.78444,0.43014,0.39491,-0.20901,0.29269,2.19309,4.16890
0.77664,0.43175,0.40873,-0.20823,2.61671,1.45642,2.84341
0.76582,0.43380,0.43005,-0.20101,4.96153,0.93060,1.40944
0.74927,0.43738,0.45986,-0.18927,3.77521,-1.11944,-1.18393
0.73192,0.44063,0.48977,-0.17396,7.39943,-1.13006,-2.07921
0.71097,0.44556,0.51981,-0.16062,6.89485,-5.00643,-4.64520
0.68764,0.44975,0.55017,-0.14895,6.18662,-4.74576,-4.85380
0.66336,0.45403,0.57828,-0.13925,7.87812,-3.07805,-7.46437
0.63392,0.46046,0.60807,-0.12794,8.12682,-1.52241,-11.44443
0.60441,0.46728,0.63435,-0.11810,3.23442,-3.52397,-9.97619
0.57785,0.47396,0.65456,-0.11401,-0.16475,-5.47374,-11.11822
0.55239,0.48042,0.67226,-0.11009,-0.05881,-3.93532,-12.54307
0.53481,0.48580,0.68350,-0.10394,-1.09116,-2.40932,-15.62830
0.51415,0.49367,0.69429,-0.09950,1.47662,-1.96175,-12.29333
0.49673,0.49751,0.70410,-0.09993,1.54291,-2.65771,-12.30410
0.48321,0.49656,0.71371,-0.10277,0.52972,-1.95546,-10.83915
0.47361,0.49248,0.72250,-0.10564,-1.08846,-1.29631,-8.79360
0.46680,0.48819,0.72964,-0.10679,-1.93631,-0.60932,-7.52842
0.46228,0.48416,0.73528,-0.10611,-2.06051,-0.61366,-5.86774
0.45975,0.47969,0.73998,-0.10466,-1.40225,-1.14952,-4.16890
0.45824,0.47481,0.74438,-0.10234,0.03457,-1.29826,-2.80600
0.45672,0.47080,0.74811,-0.10041,1.22179,-2.13114,-1.84204
0.45437,0.46823,0.75131,-0.09916,2.01816,-2.77862,-0.92850
0.45085,0.46681,0.75447,-0.09796,2.14311,-2.86496,-1.28254
0.44664,0.46594,0.75779,-0.09576,2.09298,-1.76288,-0.23284
0.44098,0.46534,0.76179,-0.09309,2.27180,-1.49892,-0.92895
0.43582,0.46473,0.76542,-0.09063,0.62683,-0.48094,-0.91758
0.43102,0.46311,0.76934,-0.08869,0.07901,-0.42662,-0.46043
0.42735,0.46064,0.77299,-0.08756,-1.46390,-0.30197,-0.11223
0.42475,0.45769,0.77620,-0.08728,-1.91985,-0.19528,-0.26411
0.42324,0.45485,0.77870,-0.08725,-2.55461,0.22880,-0.07602
0.42257,0.45187,0.78082,-0.08695,-3.03854,0.56009,0.19932
0.42374,0.44867,0.78193,-0.08793,-2.52469,0.96202,-0.05327
0.42591,0.44591,0.78205,-0.09034,-1.95217,1.20428,-0.41390
0.42890,0.44409,0.78108,-0.09350,-1.67459,1.38385,-0.57596
0.43240,0.44322,0.77927,-0.09657,-0.62489,1.11211,-0.41659
0.43566,0.44330,0.77705,-0.09939,-0.35868,0.10190,-0.35853
0.43897,0.44324,0.77491,-0.10176,-0.39235,-0.05731,-0.03187
0.44244,0.44236,0.77316,-0.10382,-0.35300,0.11073,0.09607
0.44591,0.44047,0.77202,-0.10553,-0.06000,0.54693,-0.43111
0.44956,0.43777,0.77123,-0.10707,0.40761,0.74774,-0.35314
0.45333,0.43460,0.77062,-0.10846,-0.02873,0.51415,-0.18166
0.45760,0.43100,0.76984,-0.11036,-0.24526,-0.19064,0.12659
0.46271,0.42673,0.76879,-0.11296,-0.59137,-0.37843,0.53061
0.46731,0.42206,0.76825,-0.11525,0.54947,-0.70479,0.13004
0.47197,0.41646,0.76815,-0.11725,0.03831,-0.67127,0.24092
0.47639,0.41077,0.76808,-0.11985,0.06913,-0.92162,0.79293
0.48076,0.40501,0.76783,-0.12362,-0.71796,-1.54067,0.72170
0.48510,0.39943,0.76734,-0.12780,-1.60516,-1.28793,0.59017
0.48928,0.39456,0.76653,-0.13173,-2.37924,-0.88645,0.18854
0.49335,0.39070,0.76538,-0.13476,-1.49249,-0.11028,-0.29359
0.49800,0.38755,0.76364,-0.13659,-1.23301,0.53017,-0.10639
0.50323,0.38492,0.76142,-0.13723,-0.62803,1.13291,-0.15996
0.50865,0.38318,0.75869,-0.13722,0.16804,1.02996,0.35973
0.51422,0.38235,0.75537,-0.13711,0.71706,0.75612,0.57431
0.51918,0.38168,0.75235,-0.13689,0.94317,0.30751,0.41749
0.52370,0.38058,0.74972,-0.13722,0.14889,-0.37335,0.90276
0.52777,0.37898,0.74753,-0.13797,0.03906,-0.32950,0.71901
0.53164,0.37691,0.74568,-0.13879,-0.69402,-0.30092,0.75866
0.53584,0.37486,0.74359,-0.13938,-0.87598,0.17134,0.57162
0.54007,0.37295,0.74144,-0.13966,-0.98881,0.42213,0.52403
0.54463,0.37086,0.73908,-0.14001,-1.32429,0.34731,1.25815
0.54930,0.36906,0.73648,-0.14023,-0.72305,0.53002,0.73068
0.55373,0.36782,0.73383,-0.13997,-0.28611,0.57700,0.48782
0.55816,0.36719,0.73075,-0.14013,0.10265,0.01900,0.73023
0.56233,0.36680,0.72766,-0.14051,1.02547,-0.15338,0.79443
0.56612,0.36637,0.72480,-0.14121,0.85533,-0.38936,0.89827
0.56951,0.36581,0.72226,-0.14207,0.80311,-0.14859,0.41584
0.57279,0.36461,0.72007,-0.14306,0.97235,-0.13632,0.57610
0.57660,0.36299,0.71762,-0.14418,0.40821,0.22760,0.28296
0.58123,0.36107,0.71454,-0.14569,0.41480,0.45385,0.47076
0.58525,0.35865,0.71209,-0.14758,0.32486,0.06569,0.47330
0.58923,0.35593,0.70970,-0.14986,0.07811,0.08918,0.57925
0.59315,0.35323,0.70725,-0.15227,0.07003,0.22461,0.65571
0.59702,0.35094,0.70462,-0.15465,0.16954,0.50832,0.27339
0.60077,0.34927,0.70185,-0.15649,-0.08634,1.11779,-0.23299
0.60441,0.34802,0.69914,-0.15739,0.13991,1.71978,-0.46328
0.60816,0.34700,0.69637,-0.15748,-0.05013,1.70856,-0.24181
0.61232,0.34614,0.69304,-0.15796,0.12046,0.80101,0.09607
0.61690,0.34524,0.68916,-0.15907,0.24107,0.33369,0.17044
0.62131,0.34387,0.68558,-0.16032,0.01706,-0.26291,0.86939
0.62535,0.34201,0.68254,-0.16160,-0.07347,-0.09218,0.67172
0.62899,0.33979,0.68002,-0.16274,-0.17493,0.02813,0.40716
0.63232,0.33671,0.67817,-0.16398,-0.34671,-0.32352,0.46058
0.63547,0.33347,0.67663,-0.16477,-0.75058,-0.28401,0.42976
0.63848,0.33024,0.67533,-0.16498,-0.73592,-0.27892,0.76031
0.64185,0.32730,0.67360,-0.16483,-1.01574,0.07317,0.69567
0.64526,0.32479,0.67169,-0.16427,-0.54678,0.16535,0.55097
0.64879,0.32280,0.66941,-0.16356,-0.18091,0.19947,0.53301
0.65264,0.32064,0.66681,-0.16313,-0.01062,0.00195,0.45176
0.65669,0.31793,0.66409,-0.16330,0.26306,-0.16729,0.66768
0.66075,0.31491,0.66123,-0.16440,0.45310,-0.55545,0.56533
0.66490,0.31137,0.65815,-0.16674,0.35958,-0.89289,0.53795
0.66917,0.30709,0.65497,-0.17004,0.18735,-0.36631,0.32277
0.67332,0.30240,0.65211,-0.17308,0.75103,0.37978,-0.39085
0.67706,0.29831,0.64959,-0.17503,0.51401,0.48557,-0.54648
0.68075,0.29610,0.64666,-0.17531,0.71228,0.62115,-0.31140
0.68408,0.29548,0.64372,-0.17424,0.65392,0.00718,0.30107
0.68750,0.29598,0.64027,-0.17261,0.24556,-0.61187,0.81882
0.69089,0.29680,0.63663,-0.17114,0.52029,-0.97025,0.90950
0.69450,0.29706,0.63276,-0.17041,0.37529,-1.44774,1.03175
0.69854,0.29678,0.62837,-0.17061,0.80595,-1.35527,1.00601
0.70280,0.29618,0.62351,-0.17200,0.77841,-1.41886,0.67382
0.70910,0.29475,0.61649,-0.17391,1.39597,-0.93344,1.42006
0.71399,0.29332,0.61094,-0.17589,0.87164,-0.13243,0.78171
0.72011,0.29155,0.60410,-0.17748,-0.64733,0.29314,-0.45026
0.73226,0.28756,0.59057,-0.17981,-0.14305,0.22251,3.42984
0.74228,0.28330,0.57924,-0.18234,-0.15951,-0.15188,-5.60228
0.76033,0.27447,0.55799,-0.18763,-1.82573,-0.74669,1.49353
0.78324,0.26109,0.52924,-0.19564,-0.14305,-1.11809,2.89444
0.80299,0.24931,0.50088,-0.20538,1.30798,-2.96223,0.46058
0.81599,0.24444,0.47946,-0.21102,2.23514,-0.84545,1.74941
0.82219,0.24428,0.46771,-0.21349,1.57883,-1.05180,0.61980
0.82612,0.24447,0.45954,-0.21584,1.26474,-1.90070,1.27761
0.82986,0.24504,0.45131,-0.21821,0.36422,-0.99359,1.34180
0.83404,0.24464,0.44302,-0.21969,0.06509,0.23897,0.60364
0.83807,0.24280,0.43637,-0.21971,0.12674,0.82480,-0.44802
0.84220,0.24008,0.43029,-0.21890,1.24798,0.48198,-0.96022
0.84604,0.23744,0.42507,-0.21713,1.68657,0.14949,-1.32624
0.85017,0.23526,0.41924,-0.21471,1.78054,-0.11747,-1.19875
0.85397,0.23320,0.41377,-0.21248,1.40435,-0.73547,-0.44517
0.85707,0.23295,0.40849,-0.21047,0.06644,0.18854,0.48258
0.85936,0.23446,0.40362,-0.20886,-0.53002,0.54109,0.70614
0.86257,0.23532,0.39674,-0.20785,-0.78500,0.65317,0.62519
0.86588,0.23539,0.38991,-0.20694,-0.57281,0.75013,-0.19303
0.86987,0.23524,0.38101,-0.20691,0.19603,0.87987,1.37577
0.87452,0.23402,0.37082,-0.20722,0.41150,-0.07422,0.16550
0.87644,0.23389,0.36677,-0.20645,0.29913,-0.25139,0.25408
0.87760,0.23437,0.36433,-0.20530,0.06105,-0.03397,0.28117
0.87873,0.23366,0.36287,-0.20387,-0.37245,0.25872,0.71811
0.88018,0.23244,0.36102,-0.20229,-0.68878,0.59451,0.74295
0.88180,0.23143,0.35856,-0.20076,-0.76435,0.36377,0.79487
0.88367,0.23004,0.35574,-0.19916,-0.67382,0.64449,1.23601
0.88600,0.22729,0.35258,-0.19758,-0.20351,0.39983,1.55533
0.88842,0.22401,0.34918,-0.19649,0.03337,-0.11058,1.45553
0.89029,0.22195,0.34642,-0.19521,0.07542,0.49141,0.75343
0.89155,0.22297,0.34343,-0.19359,0.17223,0.92461,0.08036
0.89211,0.22625,0.34070,-0.19204,0.60289,0.50892,-0.80864
0.89185,0.23183,0.33845,-0.19054,0.50907,0.30302,-0.88900
0.89023,0.24153,0.33644,-0.18963,0.30840,0.44831,0.06030
0.88699,0.25526,0.33476,-0.18980,0.76944,0.04250,-0.22550
0.88324,0.27055,0.33196,-0.19105,1.49712,-0.91444,0.81014
0.87895,0.28708,0.32820,-0.19320,1.78024,-1.33028,0.70285
0.87498,0.30330,0.32205,-0.19676,2.04285,-2.22855,0.69731
0.87045,0.31879,0.31762,-0.19951,1.95816,-1.77680,1.95606
0.86569,0.33371,0.31389,-0.20170,1.78967,-1.24947,2.76156
0.86024,0.34863,0.31157,-0.20337,1.24633,-0.84216,2.01831
0.85397,0.36421,0.31029,-0.20446,0.98357,-0.43619,1.18139
0.84724,0.37980,0.30945,-0.20536,0.58119,-0.34821,1.35078
0.84075,0.39450,0.30843,-0.20585,0.31978,0.06479,2.05961
0.83483,0.40738,0.30781,-0.20581,0.16281,0.13168,1.67998
0.82890,0.41945,0.30803,-0.20520,0.00643,0.38202,1.11241
0.82244,0.43201,0.30822,-0.20481,-0.36512,0.71946,1.73146
0.81459,0.44623,0.30892,-0.20467,-0.56593,0.11552,1.98000
0.80558,0.46158,0.30997,-0.20469,-0.74310,0.49231,3.08972
0.79524,0.47816,0.31169,-0.20448,0.04684,0.52478,0.91668
0.78280,0.49694,0.31403,-0.20410,0.07362,1.38475,0.26546
0.76834,0.51746,0.31671,-0.20392,0.14814,1.73355,0.12749
0.75340,0.53711,0.31972,-0.20418,0.09023,1.17765,1.27536
0.73906,0.55463,0.32294,-0.20464,-0.51460,1.34419,1.88753
0.72524,0.57067,0.32553,-0.20588,-0.64988,1.97911,1.32160
0.71170,0.58550,0.32798,-0.20759,-0.53645,2.04016,1.26788
0.69981,0.59772,0.33071,-0.20888,-0.33833,1.46839,0.38472
0.69058,0.60647,0.33365,-0.20967,0.06524,1.26444,-0.08365
0.68333,0.61263,0.33774,-0.20897,-0.41315,1.52930,-1.57748
0.67671,0.61752,0.34405,-0.20581,-0.50159,1.45762,-2.09343
0.67011,0.62194,0.35213,-0.20040,-0.44996,1.28808,-1.59813
0.66288,0.62619,0.36205,-0.19338,-2.03013,-0.42332,-1.53678
0.65504,0.63027,0.37302,-0.18584,-0.64838,1.07694,0.25887
0.64803,0.63446,0.38208,-0.17757,0.62563,0.36317,-1.76318
0.64117,0.63723,0.39206,-0.17068,0.69507,0.28057,-1.61923
0.63584,0.63689,0.40216,-0.16834,-12.49504,3.08657,-4.09438
0.63457,0.63425,0.40822,-0.16853,5.59241,-1.81825,-4.17878
0.63174,0.63198,0.41579,-0.16920,0.88062,0.78470,-2.37460
0.62801,0.62950,0.42323,-0.17379,2.04375,-0.53151,-3.47713
0.62353,0.62695,0.43152,-0.17869,1.58017,0.65900,-3.53040
0.61942,0.62321,0.44127,-0.18223,-0.17837,1.03519,-2.62689
0.61584,0.61838,0.45184,-0.18489,-0.44966,1.84518,-1.60621
0.61058,0.61460,0.46323,-0.18674,-0.40402,1.60531,-1.66577
0.60067,0.61462,0.47543,-0.18815,-0.46253,0.03950,-2.66624
0.59082,0.61712,0.48441,-0.18828,3.25701,0.21144,0.12959
0.58276,0.61989,0.49149,-0.18591,-0.02289,0.43859,-3.38824
0.57517,0.61841,0.50281,-0.18419,-1.19650,1.24708,-1.05809
0.57279,0.61240,0.51193,-0.18658,0.58463,0.34701,-1.07470
0.57407,0.60358,0.52027,-0.18829,-0.32621,0.99120,-2.03537
0.57606,0.59179,0.53120,-0.18915,0.29628,1.58601,-2.62764
0.57834,0.57781,0.54344,-0.19058,-0.65870,1.13710,-2.70919
0.58214,0.56240,0.55465,-0.19284,-1.06407,1.11630,-2.53007
0.58752,0.54637,0.56420,-0.19491,-0.69956,1.61190,-1.28539
0.59351,0.53131,0.57213,-0.19528,-0.69986,1.81974,-1.79565
0.60013,0.51640,0.57893,-0.19498,-0.92177,2.00155,-1.99632
0.60725,0.50093,0.58511,-0.19485,-0.56428,1.38879,-2.01068
0.61417,0.48560,0.59072,-0.19501,-0.06255,0.83438,-1.68462
0.62142,0.47140,0.59448,-0.19548,1.20488,0.67576,-1.30843
0.62958,0.45784,0.59613,-0.19658,1.45538,0.09278,-1.46435
0.63762,0.44326,0.59835,-0.19733,1.47483,-0.35928,-1.84234
0.64570,0.42705,0.60145,-0.19739,0.87134,-0.29763,-0.91129
0.65352,0.41004,0.60501,-0.19683,0.45056,-0.20994,-0.82854
0.66108,0.39346,0.60823,-0.19552,0.45520,-0.22640,-0.39549
0.66817,0.37751,0.61127,-0.19337,-0.03861,-0.65137,-0.96142
0.67519,0.36159,0.61397,-0.19083,0.02215,-1.36978,-0.74415
0.68242,0.34547,0.61592,-0.18866,0.09861,-2.29694,-0.71003
0.68973,0.32952,0.61692,-0.18736,0.90396,-2.53531,-0.68639
0.69685,0.31351,0.61730,-0.18723,1.21820,-2.51122,-1.11375
0.70364,0.29687,0.61757,-0.18808,1.84638,-1.87631,-2.14431
0.71000,0.27987,0.61789,-0.18919,2.98707,-0.38816,-2.78386
0.71565,0.26301,0.61852,-0.19003,2.34527,0.50996,-3.06293
0.72069,0.24647,0.61946,-0.19010,2.40153,0.99973,-4.11040
0.72595,0.23038,0.61974,-0.18931,2.59277,0.90755,-2.56359
0.73122,0.21481,0.61964,-0.18770,2.85868,-0.11956,-3.81322
0.73595,0.19961,0.61993,-0.18497,2.72939,-0.70883,-3.92948
0.74042,0.18443,0.62035,-0.18144,2.76515,-1.26070,-3.53564
0.74476,0.16851,0.62071,-0.17789,1.79236,-1.84234,-3.13910
0.74907,0.15175,0.62072,-0.17484,1.61459,-1.42709,-2.76051
0.75322,0.13452,0.62033,-0.17250,2.42248,-1.55488,-3.09166
0.75703,0.11831,0.61966,-0.17006,2.30262,-0.83887,-2.44134
0.76096,0.10321,0.61829,-0.16737,2.01068,-0.65990,-2.43026
0.76511,0.08830,0.61604,-0.16524,2.01771,-1.37786,-2.40662
0.76889,0.07367,0.61370,-0.16356,2.19384,-1.77575,-2.00200
0.77210,0.06097,0.61166,-0.16129,1.20997,-1.14308,-1.79251
0.77562,0.04931,0.60895,-0.15865,2.04779,-0.81852,-2.62958
0.77918,0.03804,0.60597,-0.15567,1.45672,-1.89636,-1.27386
0.78354,0.02691,0.60184,-0.15212,0.84411,-2.89863,-1.12243
0.78893,0.01522,0.59607,-0.14851,1.80253,-5.33219,-1.19590
0.79356,0.00432,0.59093,-0.14507,0.54767,-4.99386,-0.50069
0.79469,-0.00665,0.58963,-0.14409,-10.44171,-6.34628,-5.29957
0.79959,-0.02299,0.57828,-0.16040,10.78752,0.26935,1.06737
0.80404,-0.03908,0.56819,-0.17074,1.37397,-3.62916,-0.21727
0.80740,-0.04669,0.56264,-0.17137,1.29736,-3.50332,0.77856
0.81066,-0.05243,0.55741,-0.17139,1.70976,-2.13832,0.46418
0.81428,-0.05689,0.55141,-0.17220,2.15478,-2.22317,-0.10699
0.81707,-0.05685,0.54771,-0.17079,0.37005,-1.49189,1.35991
0.82371,-0.05461,0.53858,-0.16866,1.73056,-2.10525,-0.14201
0.82926,-0.05075,0.53047,-0.16838,1.72787,-2.78565,2.63916
0.83627,-0.04695,0.51927,-0.16969,2.34198,-3.09914,1.88439
0.84246,-0.04173,0.50908,-0.17134,1.60621,-2.48862,2.72789
0.84886,-0.03601,0.49810,-0.17331,2.03657,-1.75345,2.69842
0.85541,-0.02771,0.48629,-0.17617,1.78533,-1.07260,2.43131
0.86089,-0.01620,0.47564,-0.17994,1.89262,0.00344,2.19174
0.86578,-0.00142,0.46514,-0.18460,1.11764,0.21428,2.33764
0.86967,0.01557,0.45523,-0.19026,0.25738,0.03980,1.60816
0.87288,0.03447,0.44537,-0.19632,-0.59825,0.91892,2.19952
0.87477,0.05344,0.43700,-0.20239,-0.23897,1.64631,0.99090
0.87630,0.07224,0.42880,-0.20738,-0.40941,2.63826,-0.50982
0.87807,0.08995,0.42061,-0.20975,0.91473,3.82534,-1.88289
0.88020,0.10759,0.41250,-0.20862,0.27354,4.04426,-2.78984
0.88455,0.12444,0.39949,-0.20613,7.72115,3.98126,1.25995
0.89042,0.14219,0.38157,-0.20332,2.04989,1.59544,0.40791
0.89550,0.15934,0.36318,-0.20198,0.68459,0.92416,0.74355
0.89974,0.17435,0.34641,-0.20016,0.07003,0.85473,1.15430
0.90216,0.19101,0.33309,-0.19667,-0.73382,2.64559,-0.60379
0.90389,0.20593,0.32265,-0.19099,-1.23705,0.75672,-0.42093
0.90593,0.21882,0.31167,-0.18512,1.10358,-0.65437,-0.05252
0.90892,0.22756,0.29972,-0.17960,2.07936,0.19303,-0.00913
0.91222,0.23487,0.28652,-0.17490,3.43733,0.83169,-0.36287
0.91461,0.24437,0.27324,-0.17061,2.32447,0.12689,0.86880
0.91596,0.25853,0.25796,-0.16627,3.37044,0.99973,-0.02245
0.91374,0.28197,0.24354,-0.16204,1.72218,-0.53959,-2.13742
0.90730,0.31563,0.22920,-0.15702,3.95417,-3.10079,-6.76003
0.90048,0.35298,0.20773,-0.14627,4.64789,-5.02528,-5.98506
0.89803,0.37687,0.18933,-0.12517,0.27144,-2.23693,8.77999
0.87610,0.43500,0.17846,-0.10661,1.52451,-5.03291,-0.21772
0.86211,0.46913,0.16774,-0.09242,2.86317,-3.43373,1.53109
0.86516,0.47292,0.14729,-0.07843,1.85730,4.17279,-2.42323
0.86026,0.49208,0.11221,-0.07222,0.67502,1.48590,-7.54473
0.85631,0.50705,0.08164,-0.05452,-15.79889,11.18421,14.97947
0.86277,0.50127,0.05239,-0.04021,-0.81074,1.07365,-8.63618
0.85159,0.52127,0.02808,-0.04777,7.31159,-7.96192,-6.82243
0.83943,0.54080,0.01153,-0.05251,1.84339,2.79194,7.16106
0.82979,0.55530,0.00259,-0.05556,2.28975,0.64284,-1.39313
0.82145,0.56746,-0.00689,-0.05626,-0.25558,2.52409,-1.07649
0.81468,0.57705,-0.01708,-0.05487,0.19977,1.28135,-0.45430
0.80973,0.58370,-0.02772,-0.05352,-3.14104,-0.45011,-4.41625
0.80263,0.59241,-0.04140,-0.05584,-1.21925,-1.58047,-3.00457
0.79222,0.60421,-0.06011,-0.06089,1.46839,2.30517,-1.79026
0.77973,0.61779,-0.07997,-0.06300,1.46061,0.65751,1.71664
0.76871,0.63003,-0.09000,-0.06365,1.66098,2.14431,-3.29906
0.75113,0.65015,-0.09589,-0.06260,1.07111,1.51867,-0.77078
0.72819,0.67494,-0.10168,-0.06210,2.10420,1.65694,0.96382
0.70457,0.69861,-0.10789,-0.06244,-0.21862,1.09325,-3.31956
0.67640,0.72568,-0.11126,-0.05916,-0.18375,-1.94140,-2.09388
0.64559,0.75344,-0.11126,-0.05623,-1.24813,-0.96232,0.92835
0.61904,0.77535,-0.11095,-0.05750,-2.11034,1.05300,7.22480
0.61151,0.78128,-0.10960,-0.06040,1.15775,0.91459,-0.96531
0.60167,0.78855,-0.11018,-0.06362,-1.33611,0.05731,-1.10298
0.58909,0.79769,-0.11153,-0.06498,-0.14260,-0.63895,-3.06802
0.57046,0.81055,-0.11433,-0.06718,-1.87271,2.24875,0.06509
0.53829,0.82980,-0.12452,-0.07850,-1.12393,-2.30621,-4.71209
0.50102,0.85043,-0.13357,-0.08897,1.08128,-0.69372,-3.46007
0.46085,0.87093,-0.14010,-0.09735,-0.31199,1.50431,-0.01302
0.42530,0.88685,-0.14558,-0.10687,-0.70584,1.13665,0.82046
0.40167,0.89564,-0.15010,-0.11820,0.72155,3.09720,-1.15894
0.38711,0.90007,-0.15323,-0.12862,0.03950,3.35248,-4.05368
0.37050,0.90508,-0.15526,-0.13948,-0.84051,2.90072,-4.98443
0.34698,0.91227,-0.15589,-0.15185,-0.79069,2.07577,-2.40647
0.31870,0.92017,-0.15424,-0.16710,1.73101,-0.98521,1.76991
0.29397,0.92600,-0.15287,-0.18093,1.58586,-0.62384,2.60938
0.27926,0.92786,-0.15285,-0.19424,-0.23747,-1.71859,-0.59346
0.27022,0.92786,-0.15340,-0.20625,0.29718,0.81148,-3.48252
0.26102,0.92813,-0.15507,-0.21541,-0.56922,3.18369,-3.49134
0.24959,0.92847,-0.15722,-0.22566,-1.00811,4.46997,-4.06401
0.23460,0.92920,-0.15845,-0.23759,-0.85219,2.05871,-2.50733
0.21940,0.93032,-0.15805,-0.24776,1.16403,0.45774,-0.24226
0.20676,0.93081,-0.15716,-0.25717,-1.50146,-0.18585,1.46061
0.19323,0.93065,-0.15899,-0.26698,-1.56626,-2.14251,-0.41599
0.17601,0.93060,-0.16183,-0.27717,0.64569,-2.08580,-2.20042
0.15422,0.93055,-0.16427,-0.28865,-0.62519,4.92712,1.44281
0.12653,0.93053,-0.16518,-0.30135,3.20359,-3.46261,-2.10465
0.09908,0.93086,-0.16237,-0.31196,0.53406,7.73207,2.17483
0.07283,0.93066,-0.16030,-0.32073,1.27282,-1.91162,-0.28282
0.05335,0.92998,-0.15771,-0.32776,1.15894,-1.98210,0.23628
0.03781,0.92898,-0.15867,-0.33227,2.50793,-1.89995,4.42434
0.02889,0.92720,-0.16250,-0.33624,2.54159,-1.51074,-0.05507
0.02252,0.92530,-0.16765,-0.33943,0.70868,-0.08829,1.34569
0.01809,0.92285,-0.17285,-0.34373,1.46286,0.51356,1.18139
0.01453,0.92046,-0.17715,-0.34807,1.10029,0.94661,0.46881
0.01341,0.91795,-0.18090,-0.35279,0.71602,0.61381,0.33279
0.01379,0.91522,-0.18441,-0.35800,-0.43260,0.61247,0.59032
0.01453,0.91220,-0.18771,-0.36394,-0.77737,0.70823,0.28072
0.01315,0.90930,-0.19152,-0.36922,0.55471,1.26130,0.50727
0.00898,0.90622,-0.19561,-0.37473,1.51688,1.51044,0.86910
0.00382,0.90230,-0.20044,-0.38166,1.72592,3.75201,0.64793
-0.00157,0.89839,-0.20574,-0.38803,0.63297,1.24409,-0.25244
-0.00719,0.89476,-0.21008,-0.39399,-1.07664,-0.18510,-1.29287
-0.01520,0.89099,-0.21258,-0.40090,-0.11328,-0.07467,-0.14485
-0.02614,0.88715,-0.21281,-0.40864,1.23885,0.03247,0.89169
-0.03790,0.88363,-0.21317,-0.41511,0.73038,-1.78727,0.69118
-0.04948,0.87997,-0.21323,-0.42160,0.81313,-2.20207,-0.52224
-0.06221,0.87484,-0.21484,-0.42968,1.35257,0.50188,-0.38816
-0.07550,0.86845,-0.21606,-0.43978,-0.76510,2.51092,-0.66334
-0.08683,0.86283,-0.21462,-0.44937,-1.49653,-0.81478,-0.05731
-0.09621,0.85755,-0.21275,-0.45835,0.05671,-3.92859,0.36661
-0.10503,0.85222,-0.20972,-0.46766,1.54995,-1.45612,1.15894
-0.11073,0.84668,-0.20676,-0.47762,0.74774,0.07931,0.03561
-0.11002,0.84173,-0.20358,-0.48779,-0.87373,1.45358,-1.19785
-0.10472,0.83826,-0.19779,-0.49722,0.68025,3.50391,-2.24845
-0.09468,0.83413,-0.18939,-0.50931,8.80378,6.88273,3.71011
-0.06338,0.83387,-0.17576,-0.51938,0.01242,5.74399,-4.77105
-0.04243,0.83439,-0.16471,-0.52427,-1.55414,1.27057,-3.58262
-0.02769,0.83409,-0.15113,-0.52980,-4.14107,-0.82525,-3.00143
-0.01518,0.83212,-0.13457,-0.53781,-6.21804,-1.90908,-4.57128
-0.00782,0.82930,-0.11691,-0.54638,-4.57427,-2.32267,-3.27063
-0.00763,0.82566,-0.10000,-0.55519,-2.04121,-1.08981,-1.78488
-0.01472,0.82095,-0.08449,-0.56453,0.01137,2.84027,0.58793
-0.02608,0.81508,-0.06858,-0.57468,0.97668,2.36861,1.79805
-0.03603,0.80957,-0.05276,-0.58353,-0.50368,1.25157,0.44517
-0.04271,0.80452,-0.03781,-0.59119,2.30681,4.01373,-2.01113
-0.04328,0.79927,-0.02475,-0.59890,2.91659,5.37259,-3.38450
-0.04333,0.79239,-0.00613,-0.60844,0.94751,0.08799,-1.71440
-0.03917,0.78376,0.01316,-0.61969,-0.10879,-2.29769,-1.29377
-0.02879,0.77348,0.02759,-0.63257,-1.15475,-2.25668,-2.04644
-0.01158,0.76185,0.03794,-0.64654,0.43455,-3.91377,-4.49018
0.01025,0.74787,0.04818,-0.66201,1.75719,-4.88776,-3.29218
0.03161,0.73180,0.05876,-0.67824,0.85533,-3.25851,-2.67343
0.05075,0.71417,0.06596,-0.69500,2.51765,-2.16750,-1.12064
0.07022,0.69535,0.06981,-0.71181,-0.06000,-0.65332,-1.58272
0.09190,0.67635,0.06846,-0.72761,0.27533,-0.52942,-3.41458
0.11491,0.65615,0.06558,-0.74294,1.25740,-2.47201,-1.45044
0.12872,0.63425,0.06136,-0.75986,-2.04749,0.44338,-3.42311
0.13691,0.61010,0.05588,-0.77840,-2.45376,1.60441,-3.14389
0.14800,0.58158,0.05379,-0.79810,-0.14934,0.84426,-1.44475
0.15833,0.54986,0.05221,-0.81845,1.13590,0.48587,0.34761
0.16659,0.51704,0.05161,-0.83801,2.83459,1.03115,1.33552
0.17218,0.48495,0.05313,-0.85578,3.42057,0.39863,1.86194
0.17553,0.45629,0.05267,-0.87076,3.20000,0.32456,1.36544
0.17784,0.43025,0.05471,-0.88333,2.25324,-1.10343,0.68235
0.17704,0.40532,0.06004,-0.89486,2.10780,-1.69420,-0.82031
0.17105,0.38092,0.06478,-0.90634,2.80361,-2.84117,-2.43475
0.16591,0.35668,0.06683,-0.91695,1.29302,-2.82217,-2.44014
0.16377,0.33115,0.06800,-0.92677,0.67367,-1.38370,-1.54606
0.16432,0.30612,0.06357,-0.93555,-0.05821,-0.33235,-1.70751
0.16721,0.27868,0.06077,-0.94376,0.13841,0.27818,0.36990
0.17439,0.25392,0.05990,-0.94949,1.01664,0.69252,0.63102
0.18360,0.23316,0.05997,-0.95306,2.06530,0.62145,1.85027
0.19306,0.21584,0.05797,-0.95540,2.24337,-0.55456,0.92222
0.20300,0.19928,0.05497,-0.95711,2.99260,-1.30813,0.10086
0.21175,0.18342,0.05159,-0.95857,2.13039,-0.47645,0.11357
0.21902,0.16860,0.04819,-0.95983,3.38585,-0.54977,0.58404
0.22340,0.15405,0.04558,-0.96140,3.84195,-0.62474,0.89887
0.22445,0.13851,0.04235,-0.96366,3.23068,1.26339,0.31574
0.22371,0.12140,0.03896,-0.96628,3.72628,-1.36963,-0.86386
0.22150,0.10233,0.03817,-0.96903,-2.34737,-0.43260,1.94828
0.21872,0.08353,0.03579,-0.97155,3.45483,-0.03053,-0.71901
0.21585,0.06820,0.03324,-0.97348,-2.86182,1.30364,0.24705
0.21669,0.05619,0.02836,-0.97421,-0.42422,-2.93394,-0.99479
0.21903,0.04042,0.02524,-0.97455,0.74699,-2.53067,-1.19082
0.22047,0.02151,0.02189,-0.97491,0.42931,-0.09577,0.57880
0.22142,0.00492,0.01842,-0.97499,0.02574,1.15939,1.98000
0.22145,-0.00704,0.01189,-0.97508,0.88915,2.86287,0.93748
0.22117,-0.01204,0.00876,-0.97512,-0.13004,1.57494,2.46094
0.22123,-0.01709,0.00978,-0.97502,-0.22206,-0.35165,1.49682
0.22066,-0.02031,0.01123,-0.97508,-0.31110,-0.05162,1.57643
0.22022,-0.02141,0.01366,-0.97512,-0.72874,-0.02918,1.32474
0.22084,-0.02220,0.01631,-0.97492,0.18720,-0.53047,0.90082
0.22219,-0.02231,0.01899,-0.97456,0.37948,-0.55007,0.74953
0.22316,-0.02224,0.02145,-0.97429,0.88989,-0.53181,0.29179
0.22332,-0.02050,0.02353,-0.97424,0.28596,-0.75821,0.86670
0.22252,-0.01723,0.02368,-0.97449,0.69821,-0.52553,1.17091
0.21964,-0.01176,0.02256,-0.97525,0.61920,-1.74911,0.98477
0.21711,-0.00278,0.02168,-0.97590,-0.46358,-0.91384,1.17780
0.21698,0.00988,0.02139,-0.97589,-0.74939,-0.27907,1.80657
0.21755,0.02711,0.01943,-0.97548,-0.82061,0.63925,1.77919
0.21877,0.04842,0.01835,-0.97440,-1.13620,0.85174,1.93930
0.22027,0.07233,0.02050,-0.97254,-1.27536,0.20800,1.63359
0.22147,0.09785,0.02587,-0.96990,-0.79383,1.03923,1.78592
0.22250,0.12349,0.02888,-0.96665,0.03008,0.07587,1.84787
0.22287,0.14967,0.03211,-0.96275,0.77363,0.00958,1.81480
0.22283,0.17624,0.03561,-0.95813,0.82450,-0.68998,1.12737
0.22188,0.20447,0.03630,-0.95270,0.74654,-0.61845,0.52987
0.21983,0.23405,0.03285,-0.94648,0.76106,-0.49021,-0.19243
0.21774,0.26570,0.02841,-0.93872,-0.33055,-0.85099,0.24645
0.21706,0.29821,0.02658,-0.92911,-0.27997,-0.65107,-1.07185
0.21940,0.33191,0.02902,-0.91698,-0.62369,-0.18316,-0.46103
0.22228,0.36526,0.02505,-0.90363,0.92296,-1.14368,-0.41629
0.22590,0.39945,0.01928,-0.88828,1.05913,-0.58134,1.25980
0.23278,0.43075,0.01726,-0.87176,2.35859,-1.30753,1.86374
0.24370,0.45931,0.01662,-0.85403,3.65026,-1.25127,0.99733
0.25573,0.48601,0.01429,-0.83558,2.68809,-1.86344,0.72963
0.26529,0.51234,0.01266,-0.81668,-0.79667,-1.44296,-0.32157
0.27142,0.53712,0.01248,-0.79855,-0.52313,-1.84024,-0.67831
0.27314,0.56267,0.01324,-0.78014,0.80834,-1.28898,0.29928
0.26971,0.59004,0.01572,-0.76083,2.56733,-0.88017,1.96818
0.26421,0.61861,0.02047,-0.73966,2.98003,0.55351,2.71592
0.25989,0.64587,0.02598,-0.71738,1.14203,-0.03921,0.78739
0.25311,0.67364,0.03124,-0.69366,0.83977,0.23164,0.35778
0.24372,0.70203,0.03801,-0.66806,0.45954,0.76225,0.28072
0.23709,0.72887,0.04543,-0.64068,0.26755,1.29975,0.53870
0.23425,0.75301,0.05227,-0.61267,2.84835,-0.46612,0.17119
0.23454,0.77536,0.05877,-0.58340,4.53596,-1.09385,0.75956
0.23512,0.79642,0.06419,-0.55345,3.83686,-1.80747,0.47375
0.23346,0.81566,0.06754,-0.52501,2.61267,-2.63228,-0.34117
0.22772,0.83366,0.07261,-0.49787,1.43562,-2.19548,-1.55952
0.21565,0.85205,0.07883,-0.47043,0.28446,-1.80388,-2.35066
0.20040,0.87070,0.08630,-0.44077,0.68863,-0.46866,-2.11767
0.18617,0.88908,0.09519,-0.40720,1.12767,0.67427,-0.84815
0.17292,0.90594,0.10495,-0.37195,1.12797,1.55264,0.81328
0.15945,0.92073,0.11519,-0.33698,2.17932,1.78922,-0.04908
0.14806,0.93443,0.12367,-0.29938,3.05440,-0.21563,1.21670
0.13873,0.94615,0.13300,-0.26052,3.02238,1.10762,2.01682
0.12922,0.95529,0.14220,-0.22473,3.65639,1.42350,1.77545
0.11590,0.96234,0.14892,-0.19568,2.51885,0.71587,0.81957
0.09904,0.96759,0.15453,-0.17346,1.99751,0.54737,0.07946
0.07761,0.97221,0.16015,-0.15208,1.86059,-0.05866,-1.24214
0.05148,0.97614,0.16757,-0.12813,1.46839,0.21129,-1.51837
0.02207,0.97823,0.17854,-0.10345,0.49635,0.20710,-2.66145
-0.00680,0.97828,0.19155,-0.07892,1.26369,0.80056,-1.71275
-0.03369,0.97676,0.20428,-0.05546,0.48213,1.39926,-1.52376
-0.05454,0.97463,0.21411,-0.03573,0.07093,1.62836,-3.55973
-0.06780,0.97252,0.22198,-0.01841,-1.23212,1.76617,-3.95133
-0.07852,0.97035,0.22858,-0.00125,0.61037,-0.20455,-3.76488
-0.09213,0.96767,0.23435,0.01466,0.61516,-0.18136,-1.87047
-0.10968,0.96410,0.23977,0.03132,5.77302,-2.93828,1.62192
-0.12867,0.95964,0.24509,0.04958,2.08759,0.49321,-0.76076
-0.14860,0.95452,0.24866,0.07062,0.55351,-1.11540,-1.34000
-0.17158,0.94839,0.24995,0.09292,2.59232,0.42811,0.68025
-0.19200,0.94248,0.25028,0.11055,0.01631,-2.35170,-1.50371
-0.20726,0.93731,0.25092,0.12462,0.51969,-1.77336,-0.37140
-0.21791,0.93305,0.25149,0.13670,0.82405,-0.49321,-1.76707
-0.22463,0.93019,0.25063,0.14655,1.63793,-1.08008,0.09278
-0.22979,0.92806,0.24993,0.15308,1.18678,-1.49967,-0.82959
-0.23305,0.92655,0.25013,0.15690,0.58793,-1.78727,-1.19366
-0.23427,0.92557,0.25125,0.15911,0.21892,-0.24690,-2.50658
-0.23642,0.92472,0.25150,0.16048,-0.74864,-1.11016,-1.46241
-0.23967,0.92339,0.25194,0.16261,0.11806,-0.73906,-0.62997
-0.24210,0.92196,0.25313,0.16522,0.32127,-0.28252,0.12031
-0.24349,0.92096,0.25408,0.16729,0.36661,-0.64434,-0.35180
-0.24443,0.92036,0.25462,0.16841,0.02020,-0.89618,-0.72245
-0.24496,0.91996,0.25520,0.16895,0.14051,-0.79263,-0.75986
-0.24448,0.91991,0.25597,0.16876,-0.12076,-0.18076,-1.20892
-0.24372,0.92019,0.25653,0.16749,-0.65766,-0.70075,-1.17885
-0.24388,0.92041,0.25652,0.16602,-0.52732,-0.57461,0.06943
-0.24441,0.92043,0.25656,0.16505,-0.75223,-0.08604,-0.07302
-0.24448,0.92056,0.25658,0.16422,-0.62324,-0.23807,-0.18809
-0.24502,0.92054,0.25681,0.16314,-0.74624,0.07796,-0.60768
-0.24536,0.92055,0.25734,0.16177,-0.44802,-0.19333,-0.60693
-0.24484,0.92076,0.25798,0.16033,-0.10235,0.05746,0.13497
-0.24360,0.92119,0.25878,0.15843,0.39265,0.02993,0.73801
-0.24065,0.92232,0.25928,0.15553,1.16298,-0.25394,1.49264
-0.23671,0.92405,0.25928,0.15121,1.28464,-0.21368,2.39824
-0.23214,0.92647,0.25885,0.14410,0.32591,0.09652,0.59975
-0.22579,0.92972,0.25781,0.13482,-0.19558,0.02619,-0.16879
-0.21577,0.93404,0.25632,0.12371,-0.32471,1.02292,0.82181
-0.20173,0.93973,0.25337,0.10966,-1.32369,1.26743,1.35542
-0.18348,0.94593,0.25174,0.09043,-0.95544,2.36876,0.14186
-0.16279,0.95213,0.24985,0.06730,-0.57012,0.87628,-0.46492
-0.14638,0.95643,0.24903,0.04245,-0.64928,1.48036,-2.25115
-0.13589,0.95878,0.24894,0.01763,0.05372,1.05674,-1.33537
-0.13095,0.95999,0.24752,-0.00325,-0.35898,0.13512,-1.23675
-0.12751,0.96047,0.24638,-0.02322,-0.81552,0.59900,-0.30541
-0.12131,0.96057,0.24599,-0.04550,-0.19243,0.17792,0.83917
-0.11248,0.96035,0.24518,-0.07041,1.07754,-2.46034,-0.24002
-0.10514,0.95903,0.24534,-0.09490,1.31277,-1.95172,2.05827
-0.10105,0.95673,0.24598,-0.11810,-1.10133,-2.42772,1.44161
-0.10148,0.95285,0.24806,-0.14231,-2.81872,1.15251,0.91877
-0.10101,0.94836,0.24966,-0.16760,-1.02098,1.55503,-1.97686
-0.09775,0.94407,0.24832,-0.19370,-1.97956,-1.90085,-5.35733
-0.09932,0.93819,0.24955,-0.21829,-1.31995,0.46358,-8.16213
-0.10452,0.93160,0.25035,-0.24193,-3.37582,0.30122,-5.96860
-0.10882,0.92372,0.25173,-0.26745,-4.47372,2.62165,-6.47617
-0.11350,0.91522,0.25344,-0.29200,-3.39588,-1.30918,-2.92078
-0.11668,0.90584,0.25694,-0.31593,-1.91342,-1.35781,-2.27255
-0.11729,0.89621,0.25920,-0.34041,-0.21982,-1.47977,-0.79473
-0.11533,0.88608,0.26053,-0.36563,-1.75285,-3.53504,-1.24035
-0.11007,0.87538,0.26191,-0.39116,1.02202,-1.04716,-0.82510
-0.10510,0.86453,0.26296,-0.41521,0.34536,-1.09460,-0.50458
-0.09756,0.85279,0.26262,-0.44076,-2.39585,0.70823,0.82510
-0.08224,0.83909,0.26235,-0.46940,-2.66265,2.55731,0.98551
-0.05328,0.82233,0.26504,-0.50069,-1.13186,1.93481,2.08550
-0.01956,0.80105,0.26944,-0.53417,-2.16391,0.23807,-2.91285
0.00710,0.77692,0.27261,-0.56748,-2.74944,2.19818,-1.42335
0.02822,0.75026,0.27318,-0.60140,-2.49596,2.67313,-3.51334
0.05251,0.72344,0.27950,-0.62909,-3.15436,0.41480,-3.93756
0.07970,0.69661,0.29026,-0.65126,-1.78607,-2.77293,-4.89988
0.10238,0.67007,0.30044,-0.67101,-0.27937,-4.35849,-6.11569
0.12200,0.64239,0.30942,-0.69044,1.46690,-4.54868,-6.21310
0.14115,0.61201,0.31972,-0.70943,3.70278,-5.90305,-8.36579
0.16007,0.58095,0.32283,-0.72983,7.70634,-6.57358,-7.86585
0.17957,0.55059,0.32365,-0.74823,7.00304,-6.11494,-6.65693
0.20090,0.51971,0.31995,-0.76627,4.80501,-7.16061,-5.92505
0.22456,0.48676,0.31266,-0.78414,3.83551,-6.12676,-4.68830
0.25426,0.45064,0.30393,-0.79994,2.12635,-2.70275,-4.15559
0.29060,0.41108,0.29917,-0.81059,1.70931,-3.22260,-4.38723
0.33311,0.36681,0.29807,-0.81587,0.56743,-2.28108,-1.55608
0.37822,0.32337,0.29869,-0.81435,-1.57838,-2.45959,1.27252
0.42196,0.28689,0.29413,-0.80817,-1.48904,-3.71191,0.76854
0.46126,0.26176,0.28640,-0.79793,5.26081,-5.61919,-0.83977
0.49836,0.24744,0.28313,-0.78118,5.91712,-6.99646,-2.06784
0.53638,0.23951,0.28880,-0.75599,4.50185,-8.72866,2.88561
0.57748,0.23119,0.28567,-0.72902,0.50308,1.08308,1.38475
0.62460,0.22276,0.26364,-0.70053,4.76297,-12.96894,-3.07909
0.66466,0.21730,0.24637,-0.67104,9.21783,-4.11040,5.77033
0.70008,0.21416,0.23351,-0.63992,3.48566,-4.54434,6.02007
0.73340,0.21481,0.21879,-0.60672,1.70048,-4.66660,3.81681
0.76479,0.21900,0.20908,-0.56870,-4.09842,-12.10030,2.64559
0.79143,0.22068,0.20588,-0.53156,0.44487,-3.83596,3.68273
0.81411,0.21603,0.20410,-0.49890,4.24746,-7.66758,-7.82530
0.83097,0.20980,0.20012,-0.47478,4.40129,-3.76802,-1.23376
0.84540,0.20587,0.19384,-0.45314,4.32079,-2.84476,0.14605
0.85809,0.20313,0.18785,-0.43260,4.46833,-2.49027,0.73532
0.86989,0.20158,0.18289,-0.41135,3.33437,-4.73618,1.21371
0.87876,0.20109,0.18187,-0.39276,2.45241,-2.40468,1.15460
0.88572,0.19900,0.18166,-0.37801,1.92584,-1.95217,-0.25199
0.89179,0.19350,0.18569,-0.36440,5.32036,-0.21368,1.89426
0.89770,0.18544,0.19454,-0.34914,3.11979,-2.27285,0.10475
0.90295,0.17717,0.20309,-0.33473,2.17887,-3.28380,-0.21293
0.90631,0.17353,0.20622,-0.32551,4.92697,2.20162,-0.83049
0.90955,0.17404,0.20852,-0.31457,6.08172,-0.45340,-0.88017
0.91228,0.17948,0.21503,-0.29882,4.83719,-0.81612,1.46690
0.91427,0.19491,0.21038,-0.28610,3.08508,-0.93075,0.55979
0.91407,0.21706,0.20240,-0.27638,6.04072,0.72993,0.76525
0.91153,0.24421,0.19868,-0.26459,4.94867,3.48371,2.17857
0.90712,0.27964,0.19193,-0.24920,4.70984,6.58854,1.90189
0.89968,0.32012,0.18331,-0.23344,2.26776,7.03237,3.02328
0.89201,0.35481,0.17802,-0.21617,-0.66753,3.13281,1.06527
0.90355,0.35699,0.21870,-0.09120,1.15281,-7.39569,-1.70976
0.89409,0.38242,0.22025,-0.07642,0.28401,1.75465,1.24379
0.88076,0.41393,0.22155,-0.06203,1.74492,2.60489,0.20530
0.86365,0.45027,0.22071,-0.05155,1.06707,4.41865,-1.50356
0.84241,0.49020,0.21960,-0.04279,2.02864,3.56287,-3.50601
0.81536,0.53301,0.22328,-0.03511,2.53965,4.81250,-3.76428
0.78097,0.58136,0.22656,-0.02791,1.93077,4.94762,-3.27706
0.73910,0.63263,0.23018,-0.02288,0.43649,1.95546,-1.79401
0.69220,0.68270,0.23332,-0.01851,0.39400,1.44640,-0.38277
0.64027,0.73029,0.23764,-0.01596,-0.05761,1.56252,0.82750
0.58264,0.77569,0.24197,-0.01717,0.30182,-0.73322,1.03594
0.51892,0.82746,0.20924,-0.04744,2.83728,-4.75055,-2.19863
0.45802,0.86140,0.21245,-0.05541,2.56703,-3.71475,-3.96390
0.40381,0.88637,0.21801,-0.06122,0.61711,0.89827,-4.23893
0.35562,0.90586,0.22175,-0.06148,3.26644,-0.53929,-4.32138
0.30978,0.92202,0.22397,-0.06121,-0.40522,0.38427,-1.78802
0.26348,0.93635,0.22387,-0.06086,1.05375,-0.32905,-0.22281
0.21577,0.94876,0.22198,-0.06336,-1.11375,0.20156,0.48782
0.16825,0.95895,0.21932,-0.06327,1.72712,-1.07275,1.89456
0.12023,0.96700,0.21475,-0.06589,-2.63961,2.15358,3.00248
0.06955,0.97314,0.20769,-0.07089,-1.00182,0.60379,1.31502
0.01825,0.97631,0.20040,-0.07950,2.80556,-5.63460,-1.52391
-0.01936,0.95207,0.29179,-0.08976,0.17208,-1.59544,-2.39196
-0.05579,0.95128,0.28646,-0.09948,-0.27204,-0.64584,-2.09388
-0.08462,0.95027,0.27996,-0.10703,1.41048,-4.05054,-1.22209
-0.10900,0.94930,0.27216,-0.11349,-0.63791,-1.08517,-0.18390
-0.13163,0.94781,0.26380,-0.12143,-0.87044,-0.95170,0.65437
-0.15330,0.94581,0.25578,-0.12849,-0.76046,-1.17061,0.83857
-0.17606,0.94286,0.24765,-0.13666,-0.19528,-1.22778,-0.65332
-0.19851,0.93900,0.23993,-0.14597,0.98806,-3.04572,-0.65915
-0.21934,0.93458,0.23299,-0.15545,-0.72903,-0.32561,-1.02472
-0.23665,0.93029,0.22661,-0.16495,2.30756,0.09517,-1.27761
-0.24852,0.92694,0.21932,-0.17584,-1.48740,2.49266,-1.38205
-0.24725,0.91803,0.24292,-0.19257,-0.11911,0.05911,-1.85446
-0.24917,0.91743,0.23614,-0.20118,-0.01915,-0.21578,2.32208
-0.24968,0.91583,0.22904,-0.21553,0.30780,1.23451,2.94202
-0.24688,0.91418,0.22124,-0.23317,-0.81687,-0.51356,0.30975
-0.24238,0.91207,0.21371,-0.25240,-1.48066,-2.60280,-1.51583
-0.23852,0.90810,0.20672,-0.27518,-2.22361,-2.71877,-3.31447
-0.23567,0.90366,0.20047,-0.29609,-1.91327,-4.11578,-4.06805
-0.23388,0.89903,0.19560,-0.31428,-1.24035,-3.37059,-2.24875
-0.23119,0.89475,0.19032,-0.33130,-0.21563,-0.36123,0.47645
-0.22702,0.88987,0.18451,-0.35007,-2.20536,-1.54157,1.43143
-0.22380,0.88316,0.18224,-0.36978,-0.48542,2.45929,-1.48545
-0.24837,0.89011,0.10295,-0.36799,-0.77602,3.08717,0.67352
-0.23631,0.88423,0.10373,-0.38928,0.34731,5.81447,0.89812
-0.21748,0.87822,0.10400,-0.41306,-0.08499,6.49442,-0.35240
-0.19248,0.87135,0.10356,-0.43930,-2.77129,8.62541,-2.00724
-0.16031,0.86325,0.10442,-0.46712,-2.71443,9.11532,-0.89064
-0.12261,0.85171,0.11533,-0.49624,-6.10866,7.08773,-8.05035
-0.06820,0.83559,0.14338,-0.52591,-1.36978,-1.88528,-10.65869
0.01813,0.80915,0.19841,-0.55280,16.17942,-15.12088,16.81194
0.10266,0.77797,0.24751,-0.56830,5.28161,-12.13860,4.11803
0.13100,0.75277,0.26013,-0.59034,-0.17313,-5.19497,-3.33632
0.12642,0.73417,0.25255,-0.61743,-0.52418,-0.45235,-2.52319
0.23577,0.66077,0.36962,-0.60924,-0.90082,-1.64108,-1.23541
0.25160,0.63864,0.36541,-0.62873,-0.47271,-1.65260,0.14635
0.26956,0.61488,0.36056,-0.64750,0.38247,-1.40599,0.49859
0.29019,0.59000,0.35436,-0.66492,1.56626,-1.65754,2.02160
0.31350,0.56014,0.34985,-0.68233,0.65945,-1.05105,2.18097
0.33929,0.52466,0.34865,-0.69862,1.00497,-0.58164,0.81119
0.36483,0.48312,0.35136,-0.71417,4.46908,-3.16573,0.72649
0.38715,0.43941,0.35463,-0.72888,2.11767,-4.08945,-0.10520
0.40346,0.40202,0.35216,-0.74269,1.67564,-2.60998,-2.18366
0.41842,0.37171,0.34358,-0.75413,-0.61277,-0.78889,-3.27781
0.43498,0.34532,0.33421,-0.76148,-1.90324,-0.42048,-2.08325
0.53195,0.28511,0.35429,-0.71430,-0.70809,0.36586,-1.24454
0.55000,0.26462,0.33744,-0.71667,-1.83890,-0.58703,0.02020
0.56742,0.24375,0.31990,-0.71853,1.91970,-1.53229,0.34746
0.58472,0.22255,0.30066,-0.71984,3.89911,-1.70722,0.10609
0.60112,0.20078,0.28235,-0.72016,4.72825,-2.65038,-1.02636
0.61553,0.17936,0.26491,-0.72027,4.98024,-2.98153,-2.23993
0.62752,0.15976,0.24777,-0.72063,4.75219,-2.46722,-3.10767
0.63734,0.14268,0.23196,-0.72086,3.95926,-1.96115,-3.25222
0.64462,0.12888,0.21795,-0.72136,2.11303,-0.10205,-1.30424
0.65107,0.11925,0.20344,-0.72146,0.67472,2.24666,1.55518
0.65766,0.11165,0.18947,-0.72050,0.43530,2.95160,2.36128
0.71498,0.09317,0.18432,-0.66795,0.80774,3.38750,3.09675
0.71906,0.09131,0.17624,-0.66600,2.36158,1.87646,3.30116
0.72235,0.09169,0.16934,-0.66418,2.64065,1.05554,3.09765
0.72512,0.09320,0.16239,-0.66267,3.68857,0.03816,1.92793
0.72677,0.09482,0.15817,-0.66166,2.84835,-1.18064,2.13234
0.72727,0.09712,0.15424,-0.66171,2.23963,-1.11704,1.07784
0.72738,0.10042,0.15137,-0.66176,1.46615,-0.77033,1.33671
0.72747,0.10449,0.14971,-0.66140,0.48468,-0.16161,1.24768
0.72776,0.11026,0.14847,-0.66043,-0.25932,-0.26336,0.81927
0.72812,0.11851,0.14803,-0.65870,-1.27746,0.51700,0.91114
0.72879,0.12948,0.14802,-0.65589,-2.48653,1.05899,0.40896
0.75267,0.13722,0.15410,-0.62522,-3.30639,0.86491,0.57177
0.75551,0.14978,0.15729,-0.61809,-3.37134,-0.79622,0.19273
0.75882,0.16355,0.16125,-0.60946,-3.18189,-1.65095,0.34043
0.76224,0.17961,0.16541,-0.59947,-1.93706,-1.71230,0.72888
0.76366,0.19479,0.17089,-0.59134,-0.66394,-4.18207,-0.70838
0.76377,0.20788,0.17835,-0.58449,-1.99362,-7.43325,1.78278
0.76268,0.22292,0.18108,-0.57951,-1.13575,-3.15331,0.48288
0.76015,0.24031,0.17898,-0.57654,-0.41285,-0.80700,0.97564
0.76070,0.25376,0.17900,-0.57000,-1.93841,-0.12809,2.82516
0.76470,0.25742,0.18318,-0.56162,-2.10720,-0.78964,2.45106
0.77213,0.25771,0.18909,-0.54922,0.61666,-0.02230,1.16598
0.78448,0.26485,0.19216,-0.52681,-2.26521,-2.60654,2.93320
0.80160,0.26302,0.19739,-0.49929,-8.45617,-1.30679,5.53046
0.81724,0.24435,0.21338,-0.47632,-2.50419,-4.56634,-0.67487
0.82923,0.22456,0.23067,-0.45688,4.37540,0.61755,-3.31582
0.83746,0.21678,0.24288,-0.43895,3.25567,-1.89097,-1.74238
0.84317,0.21068,0.25443,-0.42419,2.33569,-1.94185,-2.57152
0.84586,0.20882,0.26751,-0.41153,2.66639,-1.44400,-1.35632
0.84814,0.20848,0.27976,-0.39866,2.66864,0.21832,1.80328
0.85234,0.20870,0.28649,-0.38455,2.17364,0.07976,-0.16954
0.85434,0.21686,0.28999,-0.37280,0.68923,-3.15571,-0.21503
0.85571,0.22518,0.29392,-0.36147,-1.06003,-2.38014,-0.19842
0.85657,0.23170,0.29725,-0.35249,-2.76081,-2.26372,-1.25546
0.85973,0.23553,0.29975,-0.33992,-2.26252,-4.58744,-1.43532
0.86057,0.24208,0.30081,-0.33216,-0.08769,-2.26028,-0.45639
0.86149,0.24648,0.30533,-0.32227,2.40752,-2.17244,3.08224
0.86580,0.23567,0.32028,-0.30378,3.22753,-0.07287,1.09011
0.86825,0.23091,0.33291,-0.28634,2.41231,-0.15203,0.71527
0.86891,0.22935,0.34567,-0.27002,3.47608,-0.57910,1.25890
0.86920,0.22883,0.35772,-0.25332,4.95615,-1.44849,1.02786
0.87036,0.22584,0.36839,-0.23611,4.38498,-1.36395,0.62638
0.87264,0.21736,0.37954,-0.21729,2.98347,-0.46971,-0.28461
0.87552,0.20538,0.39034,-0.19729,2.64215,-0.17268,-0.31663
0.87820,0.19582,0.39846,-0.17790,3.17471,-0.72799,-0.84560
0.87993,0.18925,0.40420,-0.16287,1.50880,-2.34841,-1.40809
0.88428,0.18024,0.40614,-0.14356,6.49801,-3.18908,-0.65272
0.89195,0.16627,0.40238,-0.12196,3.70218,-3.72747,-0.51026
0.90285,0.14898,0.39056,-0.10064,2.67073,-0.27728,1.08083
0.91400,0.12147,0.37968,-0.07544,-1.34569,-0.28461,-1.90623
0.92769,0.07405,0.36328,-0.04406,-2.99859,-1.56970,-2.29350
0.93843,0.01412,0.34513,-0.00509,6.51672,5.32441,7.23887
0.94287,-0.01902,0.32990,0.04251,4.54614,-1.36933,1.46660
0.94279,-0.00892,0.32627,0.06795,3.31582,-2.68794,-0.44831
0.94427,-0.00804,0.31864,0.08224,3.26629,-1.65784,-2.87229
0.94490,-0.01422,0.31432,0.09033,1.09565,1.33971,-1.89845
0.94513,-0.01709,0.31184,0.09589,2.76740,1.95696,-0.36137
0.94625,-0.02017,0.30625,0.10203,3.35383,0.55171,-0.10609
0.94884,-0.01824,0.29695,0.10579,2.46124,0.40806,0.75447
0.95212,-0.01358,0.28532,0.10899,0.87523,-1.31876,0.06330
0.95485,-0.00924,0.27350,0.11562,0.68504,-1.50057,0.26695
0.95645,-0.00983,0.26245,0.12740,-0.68803,-0.36601,0.82136
0.95669,-0.00942,0.25414,0.14162,-0.98462,0.48138,1.33088
0.95656,-0.00734,0.24562,0.15685,-0.23418,1.16343,-0.02708
0.95628,-0.00412,0.23715,0.17107,-0.43185,1.71904,-1.05135
0.95605,-0.00078,0.22904,0.18303,-0.03097,1.93616,-1.84398
0.95582,0.00209,0.22269,0.19186,-0.43470,1.51703,-1.64167
0.94044,-0.00665,0.21821,0.26062,-0.26501,2.05273,-0.24795
0.93951,0.00208,0.21505,0.26658,-0.85084,2.75423,1.02696
0.93826,0.01463,0.21235,0.27269,-0.44652,3.61330,1.45373
0.93627,0.02920,0.21000,0.28009,-1.80104,1.77710,1.42769
0.93309,0.04604,0.20699,0.29047,-1.52122,0.95663,0.70479
0.92884,0.06433,0.20369,0.30270,-0.82271,0.50622,1.06737
0.92517,0.07490,0.19930,0.31420,-0.31199,-1.42365,-0.38457
0.92257,0.07646,0.19511,0.32396,-0.43649,0.24032,-0.80505
0.91975,0.07585,0.19449,0.33239,-0.45744,0.84022,-0.54812
0.91683,0.07533,0.19540,0.33994,-0.51281,1.38879,0.14201
0.91413,0.07515,0.19616,0.34677,-0.41779,1.79565,0.30526
0.90732,0.07353,0.19778,0.36367,-1.10852,2.64380,0.46148
0.90423,0.07482,0.19934,0.37018,-1.62866,2.63198,0.62115
0.90126,0.07511,0.20135,0.37624,0.00254,2.92302,0.76225
0.89887,0.07425,0.20304,0.38118,-0.95469,-1.44296,1.92703
0.89581,0.07913,0.20730,0.38508,-0.38861,2.74241,1.11420
0.89262,0.08623,0.20967,0.38966,0.70390,0.33564,0.23718
0.88863,0.09372,0.21153,0.39598,0.16729,0.74116,0.87762
0.88445,0.10339,0.21445,0.40135,-0.68504,0.98611,0.73816
0.88017,0.11553,0.22000,0.40441,-0.23553,1.41782,0.76585
0.87614,0.12973,0.22722,0.40487,-0.38158,1.56895,0.50967
0.87275,0.14610,0.23610,0.40152,0.48722,2.13293,0.35329
0.86940,0.16370,0.24786,0.39485,-2.17453,4.30088,0.57177
0.87005,0.18647,0.26046,0.37471,-0.83303,3.92514,-0.21877
0.86327,0.20939,0.27726,0.36613,-0.89364,1.37816,0.10280
0.85491,0.23530,0.29573,0.35538,-1.20159,2.91883,0.98656
0.84670,0.25591,0.31515,0.34393,-1.47258,1.97537,0.69477
0.83948,0.26982,0.33207,0.33496,0.29030,1.87047,1.36903
0.83442,0.27886,0.34230,0.32987,1.29826,0.87358,2.48743
0.83131,0.28621,0.34653,0.32699,1.05165,-1.32968,1.40016
0.82836,0.29472,0.34968,0.32355,1.52211,-1.06003,0.50099
0.82506,0.30363,0.35367,0.31938,1.19246,-1.58855,0.83318
0.82200,0.31259,0.35835,0.31335,0.97369,-0.53331,1.52376
0.81881,0.32396,0.36386,0.30365,0.44727,0.02364,0.76210
0.82271,0.34861,0.36120,0.26674,-1.10926,0.03172,-1.68941
0.81625,0.36619,0.37092,0.24912,-1.74073,-0.25753,-2.56748
0.80664,0.38680,0.38498,0.22695,-2.27255,-0.43500,-1.89202
0.79527,0.40705,0.40166,0.20130,-1.62447,-0.16340,-0.57700
0.78313,0.42523,0.41871,0.17486,-0.62938,0.06764,1.17196
0.77050,0.44143,0.43488,0.14946,0.25977,0.23762,1.40210
0.75741,0.45609,0.44987,0.12625,0.53540,0.03561,1.67115
0.74419,0.46992,0.46276,0.10588,0.20500,0.58867,1.29601
0.73029,0.48377,0.47449,0.08663,-0.21697,-0.79697,0.47779
0.71506,0.49772,0.48631,0.06683,0.22087,-1.88603,0.24600
0.69867,0.51181,0.49778,0.04603,0.21099,-2.46363,-0.02933
0.67838,0.49240,0.54107,0.06771,0.35389,-1.91177,-0.44397
0.66249,0.50453,0.55180,0.04556,0.34102,-1.94888,0.80355
0.64853,0.51343,0.56129,0.02750,0.14440,-0.77617,0.98252
0.63717,0.51996,0.56869,0.01544,-0.08933,-0.46911,0.79532
0.62867,0.52317,0.57530,0.00946,-1.02876,-1.15625,0.61187
0.62437,0.52341,0.57970,0.01225,0.96860,-0.30002,1.87990
0.62554,0.51676,0.58415,0.02092,-0.40013,-4.83180,3.55524
0.63604,0.49976,0.58680,0.03698,-2.19279,-8.26404,2.79837
0.65654,0.46860,0.58759,0.06406,-0.20964,-7.18889,6.47213
0.68164,0.42614,0.58728,0.09421,3.44885,-3.17666,-0.69656
0.70251,0.38612,0.58671,0.11470,-0.62788,-3.67121,0.82675
0.72297,0.34318,0.58523,0.13057,2.66475,-2.16556,-1.29631
0.74481,0.29313,0.57951,0.15331,5.59704,-1.94963,-3.00457
0.76770,0.23930,0.56358,0.18906,4.61063,-2.97794,-0.35644
0.79241,0.17389,0.52989,0.24710,2.78161,-0.19004,2.35096
0.80868,0.11002,0.48520,0.31386,1.99557,2.78116,1.68971
0.81342,0.07123,0.44529,0.36741,0.06913,7.52064,-2.35604
0.81479,0.05800,0.41898,0.39650,-3.43269,3.51948,-4.12356
0.81668,0.05399,0.40232,0.41019,-6.71753,2.63587,-3.43837
0.81957,0.04250,0.38746,0.41996,0.48662,-1.14039,-2.66549
0.82361,0.02443,0.37202,0.42741,1.46166,1.23212,-2.97195
0.82848,0.01487,0.35704,0.43118,2.93215,0.89064,-2.62375
0.81113,-0.00519,0.34201,0.47441,2.00814,-0.25064,-2.06754
0.81661,-0.00322,0.32634,0.47607,1.44535,0.09786,-0.98506
0.82247,0.00275,0.31095,0.47629,-0.66948,-0.74160,-0.42093
0.82898,0.00451,0.29385,0.47584,-3.96001,-5.51639,1.67011
0.83473,0.00424,0.27453,0.47732,-1.97581,-1.72966,0.60708
0.83897,-0.00748,0.25286,0.48181,-0.11163,-1.00706,-0.54528
0.84123,-0.02085,0.23426,0.48685,-0.16385,-0.70045,-0.42347
0.84220,-0.03172,0.21988,0.49127,-0.11313,-1.35991,-0.32965
0.84263,-0.04336,0.20802,0.49480,0.12375,-0.97175,-0.57955
0.84273,-0.05336,0.19959,0.49712,0.09876,0.23373,-0.55141
0.84227,-0.06049,0.19421,0.49921,0.75522,0.91264,0.26576
0.84945,-0.06147,0.18990,0.48846,0.93718,0.83288,1.38953
0.84848,-0.06344,0.18235,0.49275,0.43006,0.46193,1.98105
0.84812,-0.06309,0.17160,0.49725,-0.02080,0.83647,1.94858
0.84818,-0.06025,0.15852,0.50183,-1.13680,0.35674,2.72370
0.84818,-0.05781,0.14494,0.50621,-1.93736,1.01200,1.58376
0.84749,-0.05561,0.13128,0.51130,-2.50344,0.75238,0.66215
0.84595,-0.05441,0.11728,0.51735,-1.39013,1.34554,-0.54363
0.84389,-0.05304,0.10335,0.52378,-0.36377,0.35733,-1.44475
0.84138,-0.05051,0.09043,0.53043,0.13123,-0.21727,-1.06796
0.83868,-0.04855,0.07938,0.53661,0.66274,-0.62578,-0.57715
0.83597,-0.04701,0.07009,0.54224,0.81612,-0.72634,0.66649
0.85905,-0.04030,0.06343,0.50634,1.53124,-1.28209,0.14919
0.85654,-0.03318,0.05612,0.51194,0.25139,-1.31322,0.80655
0.85420,-0.02691,0.04898,0.51693,1.07919,-0.55336,0.13318
0.85169,-0.01731,0.04124,0.52214,2.36023,-1.16747,-1.39238
0.85044,0.01010,0.02915,0.52517,4.08855,1.78667,-11.40164
0.84641,0.09350,0.02709,0.52356,3.25806,1.67011,-10.40116
0.82953,0.17860,0.05678,0.52608,-4.13209,-3.02717,-8.37552
0.81007,0.24508,0.09214,0.52462,-5.48706,-4.75084,-7.11168
0.80488,0.27204,0.09884,0.51808,-6.96428,9.00908,7.16420
0.83646,0.20117,0.03827,0.50833,-1.57404,1.99242,3.39393
0.85193,0.13932,-0.01695,0.50450,-0.62264,1.61324,6.24737
0.84311,0.10283,-0.05265,0.52518,3.42835,1.90653,10.06792
0.83920,0.09098,-0.06810,0.53182,2.33554,-0.26516,8.95387
0.83681,0.09089,-0.06644,0.53579,3.02537,-0.35300,7.04344
0.83634,0.10373,-0.05049,0.53594,2.44373,-0.06928,2.65532
0.83369,0.12811,-0.02245,0.53670,0.63072,-0.22550,-0.61621
0.83078,0.14669,-0.01114,0.53681,1.51583,-0.27129,-5.74294
0.83236,0.14527,-0.01861,0.53453,-1.43892,-0.17971,1.47423
0.83313,0.14431,-0.01686,0.53366,-1.31187,-1.82722,-0.51969
0.83215,0.14959,-0.00652,0.53396,0.17538,1.60606,1.83321
0.82950,0.15878,0.00745,0.53542,-0.71302,-0.70764,1.33357
0.82789,0.16589,0.01256,0.53565,0.46762,0.71781,-2.20087
0.82539,0.17004,0.01441,0.53815,-1.17361,-0.67816,-1.93781
0.82527,0.17153,0.01591,0.53782,-0.61336,-1.02412,-0.34207
0.82590,0.17097,0.01571,0.53704,-0.33968,-0.14814,0.02274
0.82697,0.16870,0.01254,0.53619,-0.27773,0.45026,0.60454
0.82788,0.16616,0.01038,0.53563,-0.83483,0.00389,0.51490
0.82826,0.16525,0.00976,0.53533,-0.59002,0.11477,-0.12330
0.82770,0.16629,0.01088,0.53585,-0.35464,0.25079,0.26695
0.82720,0.16643,0.01177,0.53657,-0.20051,-0.13767,0.48857
0.82770,0.16418,0.01045,0.53652,-0.83962,-0.55815,0.10953
0.82846,0.16237,0.01015,0.53589,-0.44023,-0.12091,-0.55336
0.82826,0.16330,0.01199,0.53589,-0.37230,-0.22176,-0.52747
0.82752,0.16550,0.01441,0.53630,0.10205,0.50952,0.01945
0.82219,0.16664,0.01708,0.54401,-0.24316,0.54483,-0.94840
0.82207,0.16691,0.01682,0.54412,-0.65766,-0.18914,-1.50700
0.82173,0.16694,0.01623,0.54463,-0.19034,-0.26366,-0.67397
0.82181,0.16586,0.01484,0.54488,-0.18301,-0.00195,0.33324
0.82258,0.16343,0.01214,0.54453,-0.62519,-0.45819,0.44053
0.82371,0.16087,0.00978,0.54363,-0.23568,-0.02155,0.43769
0.82432,0.16016,0.00931,0.54292,-0.73113,0.17971,0.48572
0.82424,0.16137,0.01063,0.54265,-0.44427,0.33803,0.11552
0.82372,0.16322,0.01274,0.54285,-0.58389,0.23942,-0.23553
0.82331,0.16389,0.01368,0.54324,-0.33773,0.01377,-0.33609
0.82322,0.16304,0.01300,0.54365,-0.35539,-0.41509,-0.28925
0.81707,0.16144,0.01399,0.55330,-0.27803,-0.38786,-0.02125
0.81734,0.16046,0.01371,0.55318,-0.41988,-0.36033,-0.10894
0.81756,0.16055,0.01414,0.55282,-0.70958,-0.08933,-0.47211
0.81741,0.16157,0.01549,0.55272,-0.62698,-0.15802,-0.67546
0.81705,0.16284,0.01673,0.55283,-0.54453,-0.06150,-0.94915
0.81675,0.16356,0.01714,0.55306,-0.27848,-0.11956,-0.70015
0.81676,0.16305,0.01634,0.55322,-0.40597,-0.11253,-0.18196
0.81706,0.16163,0.01469,0.55323,-0.08185,-0.30736,0.08574
0.81755,0.16012,0.01298,0.55299,-0.17328,-0.06015,0.38651
0.81813,0.15906,0.01193,0.55247,-0.53600,0.03367,0.08724
0.81841,0.15880,0.01192,0.55212,-0.43170,0.19498,0.10490
0.81722,0.15916,0.01285,0.55377,-0.40208,-0.07138,-0.03606
0.81701,0.15943,0.01346,0.55398,-0.36736,-0.17747,0.08080
0.81698,0.15925,0.01371,0.55406,-0.18450,-0.18675,-0.08784
0.81702,0.15906,0.01397,0.55407,-0.48468,-0.35419,-0.29479
0.81693,0.15950,0.01471,0.55404,-0.44876,-0.22072,-0.70809
0.81678,0.16027,0.01560,0.55402,-0.55785,-0.17029,-0.70764
0.81669,0.16056,0.01590,0.55406,-0.50847,-0.09173,-0.63865
0.81677,0.15995,0.01525,0.55414,-0.48363,-0.33848,-0.40821
0.81693,0.15892,0.01413,0.55422,-0.26561,-0.25304,-0.17582
0.81712,0.15802,0.01314,0.55423,-0.21892,-0.27144,0.08140
0.81747,0.15721,0.01257,0.55396,-0.76899,-0.12884,0.21503
0.81672,0.15650,0.01254,0.55527,-0.24885,0.35883,-0.25857
0.81673,0.15605,0.01221,0.55539,-0.43155,-0.20500,-0.22805
0.81664,0.15575,0.01209,0.55561,-0.36377,-0.19378,-0.05761
0.81665,0.15536,0.01203,0.55569,-0.38008,-0.16296,-0.06958
0.81683,0.15457,0.01161,0.55567,-0.32546,-0.15592,-0.23254
0.81700,0.15376,0.01109,0.55565,-0.36796,-0.26231,-0.10849
0.81703,0.15357,0.01110,0.55567,-0.29374,-0.27369,-0.26276
0.81694,0.15403,0.01174,0.55564,-0.38906,-0.12031,-0.29808
0.81687,0.15451,0.01224,0.55562,-0.30960,-0.09487,-0.38592
0.81685,0.15463,0.01231,0.55561,-0.42482,-0.19812,-0.51924
0.81688,0.15440,0.01203,0.55563,-0.37888,-0.11956,-0.31484
0.81679,0.15392,0.01157,0.55590,-0.40103,-0.09248,-0.04025
0.81692,0.15322,0.01094,0.55592,-0.31259,-0.17986,-0.01601
0.81708,0.15247,0.01030,0.55590,-0.26187,-0.22850,0.02230
0.81724,0.15202,0.01004,0.55580,-0.40926,-0.22371,-0.11926
0.81732,0.15195,0.01021,0.55569,-0.29524,-0.06659,-0.16759
0.81735,0.15190,0.01043,0.55567,-0.33414,-0.09218,-0.08155
0.81737,0.15175,0.01050,0.55566,-0.35524,-0.22476,-0.25483
0.81737,0.15176,0.01064,0.55567,-0.30047,-0.14979,-0.38397
0.81734,0.15188,0.01085,0.55566,-0.45176,-0.18750,-0.32576
0.81735,0.15182,0.01089,0.55567,-0.43604,-0.16789,-0.38352
0.81740,0.15147,0.01060,0.55569,-0.35075,-0.16879,-0.17986
0.81706,0.15107,0.01031,0.55632,-0.23329,-0.17268,-0.28760
0.81710,0.15091,0.01016,0.55631,-0.31529,-0.09203,-0.05402
0.81716,0.15081,0.01010,0.55624,-0.33878,-0.08514,-0.14081
0.81726,0.15058,0.00996,0.55616,-0.37185,-0.04175,-0.20934