0.65604,0.06338,-0.03646,0.75117
0.65604,0.06337,-0.03650,0.75118
0.65603,0.06329,-0.03650,0.75119
0.65603,0.06326,-0.03643,0.75120
0.65603,0.06321,-0.03625,0.75121
0.65603,0.06327,-0.03616,0.75121
0.65603,0.06337,-0.03603,0.75121
0.65603,0.06350,-0.03571,0.75121
0.65603,0.06363,-0.03579,0.75120
0.65603,0.06358,-0.03557,0.75121
0.65599,0.06365,-0.03556,0.75124
0.65594,0.06373,-0.03537,0.75128
0.65575,0.06376,-0.03532,0.75145
0.65561,0.06377,-0.03518,0.75158
0.65557,0.06395,-0.03493,0.75161
0.65557,0.06403,-0.03476,0.75161
0.65554,0.06392,-0.03477,0.75165
0.65553,0.06395,-0.03465,0.75166
0.65551,0.06390,-0.03460,0.75168
0.65540,0.06383,-0.03456,0.75178
0.65533,0.06382,-0.03450,0.75185
0.65528,0.06388,-0.03446,0.75189
0.65506,0.06407,-0.03431,0.75207
0.65600,0.06425,-0.03416,0.75125
0.65598,0.06440,-0.03391,0.75126
0.65604,0.06449,-0.03376,0.75121
0.65622,0.06439,-0.03383,0.75106
0.65631,0.06386,-0.03420,0.75101
0.65603,0.06316,-0.03485,0.75128
0.65538,0.06282,-0.03554,0.75184
0.65443,0.06312,-0.03556,0.75264
0.65333,0.06304,-0.03523,0.75362
0.65241,0.06256,-0.03559,0.75444
0.65175,0.06203,-0.03633,0.75502
0.64985,0.06099,-0.03719,0.75670
0.64925,0.05951,-0.03875,0.75725
0.64892,0.05733,-0.04107,0.75758
0.64880,0.05443,-0.04471,0.75769
0.64857,0.05075,-0.04964,0.75784
0.64782,0.04669,-0.05548,0.75833
0.64682,0.04262,-0.06141,0.75897
0.64584,0.03845,-0.06720,0.75954
0.64505,0.03406,-0.07335,0.75985
0.64455,0.02878,-0.08062,0.75976
0.64419,0.02249,-0.08976,0.75925
0.64927,0.01295,-0.10053,0.75377
0.64654,0.00188,-0.11411,0.75430
0.64345,-0.01168,-0.13020,0.75424
0.64063,-0.02808,-0.14721,0.75309
0.63739,-0.04611,-0.16572,0.75109
0.63363,-0.06329,-0.18299,0.74901
0.62916,-0.08009,-0.19845,0.74723
0.62488,-0.09680,-0.21312,0.74480
0.62092,-0.11219,-0.22832,0.74145
0.61749,-0.12748,-0.24415,0.73678
0.61310,-0.14438,-0.26132,0.73142
0.60866,-0.16297,-0.27957,0.72444
0.60213,-0.18209,-0.29864,0.71770
0.59506,-0.20150,-0.31867,0.70976
0.58729,-0.22050,-0.33898,0.70112
0.57883,-0.23893,-0.35909,0.69204
0.57014,-0.25693,-0.37853,0.68238
0.56102,-0.27520,-0.39699,0.67225
0.55097,-0.29310,-0.41599,0.66142
0.54025,-0.31029,-0.43592,0.64948
0.52921,-0.32591,-0.45501,0.63772
0.51882,-0.33981,-0.47193,0.62662
0.54847,-0.38379,-0.46298,0.58097
0.53884,-0.39608,-0.47624,0.57094
0.52915,-0.40744,-0.48978,0.56045
0.51819,-0.41959,-0.50437,0.54867
0.50529,-0.43241,-0.52008,0.53594
0.49134,-0.44496,-0.53603,0.52275
0.47677,-0.45729,-0.55195,0.50884
0.46170,-0.46915,-0.56767,0.49445
0.44614,-0.48089,-0.58284,0.47958
0.42884,-0.49237,-0.59841,0.46430
0.41031,-0.50427,-0.61322,0.44870
0.38682,-0.51738,-0.62985,0.43125
0.35632,-0.53463,-0.64913,0.40724
0.32063,-0.55250,-0.66936,0.37934
0.28356,-0.56899,-0.68759,0.35081
0.24781,-0.58329,-0.70257,0.32367
0.21825,-0.59470,-0.71382,0.29859
0.19531,-0.60268,-0.72218,0.27765
0.17703,-0.60689,-0.73024,0.25905
0.15647,-0.60948,-0.73883,0.24121
0.12860,-0.61458,-0.74616,0.22135
0.09296,-0.62294,-0.75219,0.19367
0.05035,-0.61863,-0.76675,0.16387
0.01491,-0.62575,-0.76867,0.13175
-0.01722,-0.63131,-0.76890,0.09971
-0.04798,-0.63375,-0.76884,0.07032
-0.07523,-0.63508,-0.76759,0.04272
-0.09941,-0.63493,-0.76600,0.01525
-0.12182,-0.63267,-0.76469,-0.01128
-0.14415,-0.62968,-0.76256,-0.03506
-0.16376,-0.62775,-0.75886,-0.05708
-0.17793,-0.62606,-0.75537,-0.07621
-0.18331,-0.62393,-0.75421,-0.09095
-0.17876,-0.59679,-0.77521,-0.10454
-0.17485,-0.59348,-0.77862,-0.10470
-0.17025,-0.59106,-0.78192,-0.10132
-0.16588,-0.58981,-0.78428,-0.09756
-0.16237,-0.58864,-0.78629,-0.09427
-0.15821,-0.58770,-0.78816,-0.09154
-0.15297,-0.58669,-0.79044,-0.08713
-0.14914,-0.58531,-0.79268,-0.08261
-0.14747,-0.58473,-0.79365,-0.08039
-0.14606,-0.58543,-0.79348,-0.07952
-0.14605,-0.58675,-0.79253,-0.07934
-0.14644,-0.59135,-0.78901,-0.07944
-0.14450,-0.59178,-0.78911,-0.07886
-0.14283,-0.59149,-0.78980,-0.07718
-0.14119,-0.59131,-0.79035,-0.07591
-0.13951,-0.59202,-0.79021,-0.07499
-0.13800,-0.59290,-0.78989,-0.07415
-0.13765,-0.59351,-0.78946,-0.07444
-0.13753,-0.59425,-0.78884,-0.07533
-0.13719,-0.59487,-0.78840,-0.07575
-0.13701,-0.59508,-0.78824,-0.07603
-0.13661,-0.59524,-0.78820,-0.07590
-0.13537,-0.59033,-0.79205,-0.07644
-0.13474,-0.59049,-0.79205,-0.07629
-0.13369,-0.59075,-0.79208,-0.07582
-0.13233,-0.59105,-0.79218,-0.07484
-0.13087,-0.59135,-0.79233,-0.07345
-0.12944,-0.59177,-0.79238,-0.07200
-0.12829,-0.59225,-0.79232,-0.07081
-0.12707,-0.59278,-0.79221,-0.06974
-0.12563,-0.59338,-0.79210,-0.06850
-0.12407,-0.59408,-0.79193,-0.06732
-0.12250,-0.59478,-0.79175,-0.06607
-0.12124,-0.59540,-0.79156,-0.06500
-0.12001,-0.59245,-0.79398,-0.06478
-0.11932,-0.59265,-0.79400,-0.06397
-0.11917,-0.59284,-0.79390,-0.06376
-0.11907,-0.59306,-0.79373,-0.06397
-0.11818,-0.59328,-0.79375,-0.06333
-0.11682,-0.59333,-0.79403,-0.06182
-0.11581,-0.59316,-0.79441,-0.06041
-0.11565,-0.59296,-0.79462,-0.06002
-0.11586,-0.59273,-0.79473,-0.06039
-0.11608,-0.59263,-0.79474,-0.06078
-0.11634,-0.59261,-0.79468,-0.06135
-0.11623,-0.59198,-0.79510,-0.06212
-0.11573,-0.59210,-0.79507,-0.06243
-0.11501,-0.59205,-0.79523,-0.06211
-0.11398,-0.59198,-0.79548,-0.06146
-0.11268,-0.59170,-0.79594,-0.06060
-0.11155,-0.59095,-0.79673,-0.05966
-0.11081,-0.58997,-0.79763,-0.05863
-0.11018,-0.58932,-0.79828,-0.05755
-0.10920,-0.58887,-0.79881,-0.05659
-0.10768,-0.58827,-0.79956,-0.05523
-0.10545,-0.58756,-0.80052,-0.05318
-0.10068,-0.56231,-0.81906,-0.05304
-0.09680,-0.56198,-0.82001,-0.04892
-0.09332,-0.56182,-0.82076,-0.04474
-0.09086,-0.56198,-0.82110,-0.04145
-0.08872,-0.56236,-0.82118,-0.03924
-0.08542,-0.56292,-0.82128,-0.03650
-0.08005,-0.56371,-0.82150,-0.03103
-0.07280,-0.56452,-0.82190,-0.02227
-0.06419,-0.56527,-0.82233,-0.01125
-0.05507,-0.56572,-0.82276,0.00031
-0.04598,-0.56557,-0.82334,0.01167
-0.03634,-0.56507,-0.82391,0.02337
-0.02643,-0.53287,-0.84502,0.03590
-0.01278,-0.53178,-0.84505,0.05409
0.00538,-0.52971,-0.84463,0.07732
0.02721,-0.52604,-0.84348,0.10529
0.05139,-0.52024,-0.84141,0.13689
0.07766,-0.51211,-0.83805,0.17144
0.10547,-0.50194,-0.83301,0.20741
0.13259,-0.49058,-0.82642,0.24244
0.15676,-0.47924,-0.81920,0.27325
0.17784,-0.46889,-0.81181,0.29913
0.19661,-0.45929,-0.80409,0.32224
0.21210,-0.44512,-0.79832,0.34578
0.22995,-0.43476,-0.78930,0.36757
0.24980,-0.42276,-0.77835,0.39120
0.27303,-0.40774,-0.76353,0.41979
0.29942,-0.38965,-0.74481,0.45142
0.32530,-0.37102,-0.72278,0.48385
0.34924,-0.35533,-0.69823,0.51404
0.37533,-0.34071,-0.67278,0.53891
0.39955,-0.32668,-0.64798,0.56014
0.42118,-0.31468,-0.62365,0.57847
0.44053,-0.30321,-0.59976,0.59522
0.44972,-0.28437,-0.58002,0.61681
0.46397,-0.27250,-0.55764,0.63207
0.47721,-0.25919,-0.53417,0.64788
0.49215,-0.24421,-0.50636,0.66465
0.50823,-0.22775,-0.47418,0.68190
0.52406,-0.21075,-0.44042,0.69784
0.53899,-0.19384,-0.40787,0.71102
0.55130,-0.17788,-0.37920,0.72155
0.56104,-0.16360,-0.35587,0.72927
0.56869,-0.15075,-0.33707,0.73502
0.57531,-0.13919,-0.32060,0.73950
0.60397,-0.13561,-0.29894,0.72626
0.61158,-0.12166,-0.27810,0.73064
0.61815,-0.10765,-0.25637,0.73524
0.62396,-0.09265,-0.23353,0.73997
0.62930,-0.07665,-0.20944,0.74447
0.63457,-0.06018,-0.18478,0.74803
0.63966,-0.04439,-0.16158,0.75017
0.64407,-0.03034,-0.14271,0.75092
0.64785,-0.01827,-0.12838,0.75065
0.65127,-0.00655,-0.11568,0.74994
0.65398,0.00515,-0.10273,0.74949
0.68717,0.01386,-0.09081,0.72067
0.68849,0.02409,-0.07956,0.72046
0.68913,0.03229,-0.07105,0.72042
0.68887,0.04047,-0.06509,0.72083
0.68766,0.05050,-0.06228,0.72159
0.68592,0.06163,-0.06180,0.72242
0.68460,0.07247,-0.05960,0.72286
0.68401,0.08182,-0.05540,0.72275
0.68396,0.08924,-0.04964,0.72233
0.68389,0.09590,-0.04372,0.72193
0.68467,0.08976,-0.03414,0.72250
0.68039,0.07865,-0.02513,0.72818
0.68024,0.07264,-0.02730,0.72887
0.67956,0.06620,-0.03081,0.72997
0.67873,0.06091,-0.03457,0.73104
0.67793,0.05770,-0.03671,0.73194
0.67792,0.05760,-0.03495,0.73204
0.67737,0.05769,-0.03282,0.73264
0.67693,0.05764,-0.03047,0.73315
0.67672,0.05808,-0.02824,0.73340
0.67676,0.05820,-0.02653,0.73342
0.67684,0.05811,-0.02491,0.73341
0.67666,0.05802,-0.02364,0.73362
0.67661,0.05807,-0.02278,0.73369
0.67654,0.05822,-0.02228,0.73376
0.67648,0.05852,-0.02188,0.73381
0.67644,0.05878,-0.02169,0.73382
0.67642,0.05872,-0.02173,0.73385
0.67640,0.05847,-0.02204,0.73388
0.67638,0.05818,-0.02239,0.73391
0.67636,0.05790,-0.02256,0.73394
0.67634,0.05767,-0.02261,0.73398
0.67634,0.05755,-0.02250,0.73399
0.67643,0.05764,-0.02229,0.73391
0.67643,0.05785,-0.02199,0.73391
0.67643,0.05813,-0.02157,0.73389
0.67643,0.05847,-0.02112,0.73388
0.67641,0.05876,-0.02064,0.73388
0.67638,0.05895,-0.02027,0.73391
0.67637,0.05910,-0.02004,0.73392
0.67637,0.05929,-0.01987,0.73391
0.67636,0.05947,-0.01970,0.73390
0.67634,0.05952,-0.01964,0.73392
0.67617,0.05944,-0.01970,0.73408
0.67662,0.05932,-0.01973,0.73367
0.67660,0.05918,-0.01980,0.73370
0.67658,0.05898,-0.01991,0.73373
0.67658,0.05879,-0.01994,0.73375
0.67658,0.05873,-0.01989,0.73375
0.67658,0.05878,-0.01975,0.73375
0.67658,0.05889,-0.01960,0.73374
0.67660,0.05904,-0.01950,0.73372
0.67661,0.05918,-0.01946,0.73371
0.67661,0.05916,-0.01953,0.73370
0.67659,0.05898,-0.01956,0.73373
0.67658,0.05883,-0.01948,0.73376
0.67658,0.05871,-0.01941,0.73377
0.67624,0.05876,-0.01930,0.73408
0.67625,0.05889,-0.01918,0.73407
0.67625,0.05901,-0.01906,0.73405
0.67626,0.05911,-0.01899,0.73404
0.67627,0.05912,-0.01895,0.73403
0.67627,0.05906,-0.01888,0.73404
0.67628,0.05901,-0.01877,0.73404
0.67628,0.05902,-0.01866,0.73404
0.67628,0.05907,-0.01852,0.73404
0.67627,0.05918,-0.01837,0.73405
0.67625,0.05929,-0.01819,0.73405
0.67517,0.05937,-0.01793,0.73505
0.67516,0.05949,-0.01768,0.73505
0.67516,0.05959,-0.01749,0.73505
0.67516,0.05961,-0.01741,0.73505
0.67516,0.05955,-0.01748,0.73506
0.67516,0.05941,-0.01769,0.73506
0.67517,0.05924,-0.01801,0.73506
0.67518,0.05918,-0.01839,0.73504
0.67520,0.05907,-0.01886,0.73503
0.67521,0.05897,-0.01939,0.73501
0.67524,0.05891,-0.01993,0.73497
0.67374,0.05884,-0.02049,0.73634
0.67358,0.05870,-0.02134,0.73647
0.67351,0.05839,-0.02220,0.73654
0.67336,0.05782,-0.02323,0.73668
0.67328,0.05721,-0.02440,0.73677
0.67342,0.05653,-0.02602,0.73663
0.67382,0.05631,-0.02846,0.73619
0.67422,0.05613,-0.03166,0.73571
0.67481,0.05561,-0.03581,0.73502
0.67537,0.05512,-0.04176,0.73423
0.67579,0.05181,-0.05135,0.73347
0.66581,0.04305,-0.06266,0.74224
0.66562,0.03225,-0.07750,0.74156
0.66525,0.02044,-0.09444,0.74034
0.66421,0.00801,-0.11250,0.73899
0.66241,-0.00352,-0.13046,0.73768
0.66026,-0.01464,-0.14825,0.73611
0.65768,-0.02452,-0.16642,0.73428
0.65493,-0.03414,-0.18415,0.73212
0.65106,-0.04440,-0.20292,0.73005
0.64571,-0.05635,-0.22405,0.72779
0.63826,-0.07261,-0.24867,0.72493
0.63250,-0.09776,-0.27670,0.71681
0.61774,-0.12520,-0.30990,0.71182
0.59922,-0.15336,-0.34523,0.70586
0.58012,-0.17872,-0.37888,0.69855
0.56408,-0.20077,-0.40839,0.68900
0.55117,-0.21890,-0.43333,0.67861
0.54009,-0.23474,-0.45660,0.66687
0.53035,-0.24888,-0.47744,0.65487
0.52099,-0.26186,-0.49701,0.64263
0.51172,-0.27519,-0.51598,0.62942
0.50152,-0.28932,-0.53587,0.61450
0.43704,-0.25897,-0.58119,0.63573
0.41896,-0.27502,-0.60778,0.61599
0.39699,-0.29264,-0.63626,0.59324
0.37149,-0.31101,-0.66488,0.56850
0.34462,-0.32901,-0.69165,0.54278
0.31945,-0.34502,-0.71550,0.51669
0.29709,-0.35869,-0.73596,0.49137
0.27622,-0.37051,-0.75346,0.46768
0.25502,-0.38161,-0.76901,0.44492
0.23439,-0.39378,-0.78258,0.42138
0.21527,-0.40547,-0.79419,0.39815
0.17094,-0.35620,-0.83165,0.39022
0.15788,-0.36420,-0.84032,0.36917
0.14443,-0.37228,-0.84780,0.34897
0.12987,-0.38143,-0.85512,0.32622
0.11488,-0.38956,-0.86246,0.30202
0.10002,-0.39622,-0.86922,0.27833
0.08394,-0.40240,-0.87581,0.25297
0.06666,-0.40859,-0.88197,0.22526
0.04789,-0.41351,-0.88778,0.19636
0.02769,-0.41695,-0.89301,0.16711
0.00775,-0.42094,-0.89667,0.13690
-0.02049,-0.35653,-0.92813,0.10509
-0.03784,-0.35816,-0.92980,0.07588
-0.05192,-0.35868,-0.93053,0.05262
-0.06167,-0.35773,-0.93112,0.03524
-0.06634,-0.35438,-0.93242,0.02458
-0.06823,-0.35002,-0.93407,0.01847
-0.07175,-0.34601,-0.93542,0.01100
-0.07822,-0.34327,-0.93597,0.00108
-0.08747,-0.34324,-0.93510,-0.01116
-0.09779,-0.34668,-0.93248,-0.02713
-0.10698,-0.35145,-0.92894,-0.04605
-0.11383,-0.35586,-0.92530,-0.06506
-0.11772,-0.35526,-0.92373,-0.08154
-0.12121,-0.35700,-0.92158,-0.09247
-0.12478,-0.35832,-0.91962,-0.10168
-0.12652,-0.35937,-0.91793,-0.11072
-0.12629,-0.35959,-0.91693,-0.11831
-0.12520,-0.35909,-0.91673,-0.12241
-0.12409,-0.35823,-0.91697,-0.12427
-0.12375,-0.35770,-0.91703,-0.12564
-0.12435,-0.35831,-0.91633,-0.12841
-0.12480,-0.36052,-0.91469,-0.13340
-0.12521,-0.36346,-0.91267,-0.13877
-0.13262,-0.41177,-0.89134,-0.13557
-0.13305,-0.41444,-0.88970,-0.13775
-0.13265,-0.41666,-0.88848,-0.13929
-0.13175,-0.41828,-0.88777,-0.13982
-0.13146,-0.41939,-0.88719,-0.14043
-0.13159,-0.42009,-0.88678,-0.14082
-0.13171,-0.42053,-0.88653,-0.14098
-0.13167,-0.42107,-0.88634,-0.14058
-0.13162,-0.42206,-0.88593,-0.14027
-0.13231,-0.42369,-0.88488,-0.14128
-0.13290,-0.42575,-0.88353,-0.14299
-0.13487,-0.43801,-0.87727,-0.14263
-0.13500,-0.43914,-0.87657,-0.14336
-0.13440,-0.44016,-0.87616,-0.14333
-0.13361,-0.44109,-0.87592,-0.14267
-0.13311,-0.44210,-0.87556,-0.14225
-0.13253,-0.44334,-0.87503,-0.14215
-0.13149,-0.44449,-0.87468,-0.14170
-0.13050,-0.44525,-0.87454,-0.14108
-0.12949,-0.44598,-0.87439,-0.14066
-0.12853,-0.44667,-0.87423,-0.14034
-0.12754,-0.44738,-0.87412,-0.13966
-0.12842,-0.45942,-0.86802,-0.13777
-0.12769,-0.46033,-0.86768,-0.13758
-0.12705,-0.46099,-0.86748,-0.13719
-0.12666,-0.46134,-0.86742,-0.13675
-0.12636,-0.46164,-0.86738,-0.13628
-0.12614,-0.46191,-0.86733,-0.13585
-0.12658,-0.46230,-0.86700,-0.13623
-0.12701,-0.46301,-0.86641,-0.13718
-0.12722,-0.46353,-0.86604,-0.13759
-0.12764,-0.46388,-0.86575,-0.13786
-0.12825,-0.46453,-0.86516,-0.13879
-0.12827,-0.46506,-0.86480,-0.13923
-0.12924,-0.47395,-0.86012,-0.13733
-0.12897,-0.47411,-0.86015,-0.13686
-0.12881,-0.47431,-0.86008,-0.13679
-0.12846,-0.47441,-0.86010,-0.13660
-0.12834,-0.47459,-0.86004,-0.13649
-0.12847,-0.47476,-0.85990,-0.13662
-0.12855,-0.47481,-0.85990,-0.13642
-0.12864,-0.47488,-0.85986,-0.13634
-0.12859,-0.47500,-0.85977,-0.13651
-0.12834,-0.47501,-0.85980,-0.13655
-0.12748,-0.47503,-0.85998,-0.13608
-0.12751,-0.48656,-0.85400,-0.13297
-0.12532,-0.48644,-0.85475,-0.13069
-0.12330,-0.48650,-0.85540,-0.12810
-0.12190,-0.48706,-0.85548,-0.12674
-0.12045,-0.48767,-0.85554,-0.12540
-0.11877,-0.48831,-0.85572,-0.12323
-0.11739,-0.48898,-0.85581,-0.12123
-0.11621,-0.48961,-0.85584,-0.11967
-0.11490,-0.49012,-0.85598,-0.11780
-0.11323,-0.49048,-0.85630,-0.11556
-0.11154,-0.49077,-0.85664,-0.11346
-0.11388,-0.52594,-0.83613,-0.10630
-0.11174,-0.52619,-0.83662,-0.10349
-0.11029,-0.52674,-0.83675,-0.10116
-0.10907,-0.52747,-0.83666,-0.09937
-0.10706,-0.52818,-0.83675,-0.09701
-0.10514,-0.52870,-0.83700,-0.09407
-0.10356,-0.52885,-0.83740,-0.09141
-0.10138,-0.52863,-0.83815,-0.08820
-0.09828,-0.52800,-0.83939,-0.08360
-0.09480,-0.52695,-0.84100,-0.07775
-0.09083,-0.52581,-0.84275,-0.07107
-0.08614,-0.53351,-0.83913,-0.06170
-0.07919,-0.53196,-0.84154,-0.05065
-0.06987,-0.53040,-0.84406,-0.03684
-0.05802,-0.52797,-0.84707,-0.01890
-0.04504,-0.52438,-0.85029,0.00241
-0.03042,-0.52009,-0.85318,0.02580
-0.01574,-0.51410,-0.85592,0.05339
-0.00016,-0.50653,-0.85813,0.08393
0.01789,-0.49802,-0.85936,0.11468
0.03750,-0.48819,-0.85962,0.14598
0.05799,-0.47762,-0.85835,0.17818
0.07824,-0.46102,-0.85794,0.21280
0.10334,-0.44764,-0.85204,0.25095
0.13116,-0.43168,-0.84410,0.28975
0.15512,-0.41552,-0.83565,0.32399
0.17471,-0.40297,-0.82705,0.35082
0.19236,-0.39250,-0.81846,0.37291
0.20987,-0.38229,-0.80877,0.39458
0.22931,-0.37081,-0.79665,0.41864
0.25156,-0.35694,-0.78148,0.44565
0.27554,-0.34112,-0.76360,0.47395
0.30025,-0.32447,-0.74298,0.50254
0.32718,-0.30558,-0.71789,0.53311
0.33191,-0.25740,-0.70063,0.57680
0.35711,-0.24016,-0.67060,0.60422
0.37979,-0.22465,-0.64112,0.62789
0.39838,-0.21071,-0.61351,0.64846
0.41426,-0.19866,-0.58717,0.66645
0.42953,-0.18626,-0.55959,0.68387
0.44438,-0.17251,-0.52968,0.70158
0.45949,-0.15759,-0.49692,0.71910
0.47455,-0.14101,-0.46194,0.73589
0.48903,-0.12350,-0.42652,0.75079
0.50279,-0.10325,-0.39022,0.76437
0.52286,-0.08710,-0.35411,0.77048
0.53326,-0.06759,-0.31888,0.78063
0.54293,-0.04807,-0.28250,0.78937
0.55096,-0.03082,-0.24870,0.79602
0.55688,-0.01669,-0.21935,0.80093
0.56039,-0.00542,-0.19480,0.80498
0.56353,0.00583,-0.17140,0.80810
0.56755,0.01780,-0.14676,0.80996
0.57123,0.02990,-0.12152,0.81119
0.57506,0.04435,-0.09257,0.81165
0.57835,0.05919,-0.06443,0.81109
0.62264,0.06888,-0.04485,0.77818
0.62349,0.07724,-0.02957,0.77744
0.62369,0.08189,-0.02093,0.77709
0.62383,0.08473,-0.01539,0.77680
0.62420,0.08677,-0.01036,0.77636
0.62474,0.08887,-0.00524,0.77574
0.62552,0.09188,0.00160,0.77478
0.62649,0.09594,0.00963,0.77344
0.62777,0.10116,0.01923,0.77156
0.62900,0.10641,0.02848,0.76956
0.63015,0.11089,0.03509,0.76772
0.68158,0.11576,0.03166,0.72183
0.68252,0.11678,0.03232,0.72075
0.68310,0.11630,0.03113,0.72033
0.68343,0.11565,0.02885,0.72022
0.68345,0.11540,0.02575,0.72036
0.68367,0.11572,0.02414,0.72016
0.68403,0.11462,0.02376,0.72000
0.68367,0.10715,0.01877,0.72164
0.68373,0.10648,0.01505,0.72176
0.68442,0.09767,0.00913,0.72246
0.68584,0.08875,-0.00082,0.72232
0.68019,0.08123,-0.00845,0.72847
0.68163,0.07100,-0.01991,0.72797
0.68292,0.06511,-0.02576,0.72713
0.68367,0.06183,-0.02573,0.72671
0.68403,0.06061,-0.02458,0.72652
0.68423,0.05985,-0.02468,0.72639
0.68433,0.06014,-0.02411,0.72629
0.68444,0.06026,-0.02402,0.72617
0.68455,0.05995,-0.02419,0.72609
0.68463,0.05960,-0.02452,0.72604
0.68473,0.05928,-0.02492,0.72596
0.68545,0.05925,-0.02535,0.72526
0.68592,0.05945,-0.02564,0.72479
0.68617,0.05919,-0.02599,0.72456
0.68623,0.05888,-0.02638,0.72451
0.68632,0.05872,-0.02645,0.72444
0.68648,0.05846,-0.02631,0.72432
0.68663,0.05842,-0.02589,0.72420
0.68670,0.05844,-0.02537,0.72415
0.68671,0.05858,-0.02469,0.72415
0.68672,0.05874,-0.02410,0.72414
0.68674,0.05904,-0.02352,0.72412
0.68674,0.05949,-0.02294,0.72410
0.68672,0.05978,-0.02259,0.72410
0.68626,0.05988,-0.02241,0.72455
0.68624,0.05991,-0.02238,0.72456
0.68624,0.05996,-0.02239,0.72455
0.68624,0.05998,-0.02238,0.72456
0.68623,0.05997,-0.02231,0.72456
0.68623,0.06001,-0.02228,0.72457
0.68622,0.06004,-0.02223,0.72457
0.68620,0.06010,-0.02221,0.72459
0.68618,0.06013,-0.02228,0.72460
0.68617,0.06004,-0.02237,0.72462
0.68615,0.05992,-0.02253,0.72464
0.68612,0.05974,-0.02274,0.72467
0.68612,0.05943,-0.02303,0.72469
0.68614,0.05912,-0.02327,0.72469
0.68616,0.05896,-0.02353,0.72468
0.68621,0.05892,-0.02389,0.72462
0.68629,0.05870,-0.02437,0.72454
0.68690,0.05848,-0.02522,0.72395
0.68814,0.05774,-0.02656,0.72279
0.68898,0.05671,-0.02869,0.72199
0.68972,0.05623,-0.03230,0.72117
0.69027,0.05647,-0.03734,0.72038
0.69036,0.05686,-0.04309,0.71994
0.69069,0.05264,-0.05032,0.71948
0.69068,0.04578,-0.05867,0.71933
0.69034,0.03870,-0.06775,0.71927
0.69017,0.03198,-0.07762,0.71876
0.68984,0.02397,-0.08963,0.71799
0.68877,0.01446,-0.10546,0.71712
0.68623,0.00415,-0.12515,0.71652
0.68245,-0.00481,-0.14801,0.71577
0.67867,-0.01370,-0.17059,0.71423
0.67592,-0.02499,-0.19029,0.71155
0.69285,-0.04410,-0.20964,0.68853
0.68902,-0.06152,-0.23221,0.68378
0.68255,-0.08483,-0.25840,0.67835
0.67341,-0.11153,-0.28963,0.67096
0.66207,-0.14100,-0.32267,0.66156
0.64930,-0.17098,-0.35631,0.64978
0.63575,-0.19845,-0.38860,0.63674
0.62213,-0.22368,-0.41805,0.62303
0.60854,-0.24558,-0.44561,0.60894
0.59640,-0.26278,-0.46917,0.59593
0.58597,-0.27644,-0.48913,0.58392
0.55722,-0.27387,-0.51708,0.58917
0.54499,-0.28774,-0.53819,0.57493
0.52981,-0.30344,-0.56110,0.55891
0.51133,-0.32072,-0.58561,0.54105
0.48980,-0.33835,-0.61140,0.52135
0.46699,-0.35433,-0.63641,0.50136
0.44305,-0.36876,-0.66004,0.48173
0.41914,-0.38220,-0.68155,0.46231
0.39598,-0.39466,-0.70124,0.44239
0.37318,-0.40616,-0.71933,0.42230
0.34880,-0.41774,-0.73692,0.40098
0.30556,-0.39326,-0.77316,0.39269
0.28097,-0.40342,-0.78911,0.36825
0.25584,-0.41339,-0.80358,0.34338
0.23122,-0.42391,-0.81593,0.31796
0.20666,-0.43397,-0.82683,0.29208
0.18163,-0.44393,-0.83641,0.26523
0.15590,-0.45389,-0.84494,0.23614
0.12939,-0.46314,-0.85194,0.20725
0.10634,-0.47037,-0.85701,0.18159
0.08844,-0.47564,-0.86040,0.16017
0.07409,-0.47865,-0.86305,0.14333
0.05473,-0.43529,-0.88885,0.13216
0.04359,-0.43691,-0.89065,0.11815
0.03285,-0.43911,-0.89184,0.10357
0.02211,-0.44167,-0.89258,0.08795
0.01057,-0.44334,-0.89334,0.07264
-0.00217,-0.44447,-0.89401,0.05646
-0.01686,-0.44595,-0.89411,0.03762
-0.03235,-0.44706,-0.89374,0.01798
-0.04715,-0.44740,-0.89309,-0.00187
-0.06244,-0.44714,-0.89201,-0.02205
-0.07647,-0.44643,-0.89060,-0.04111
-0.08574,-0.41926,-0.90178,-0.06054
-0.09506,-0.41793,-0.90028,-0.07606
-0.10422,-0.41638,-0.89865,-0.09048
-0.11260,-0.41512,-0.89665,-0.10493
-0.12154,-0.41362,-0.89432,-0.11971
-0.13048,-0.41238,-0.89166,-0.13364
-0.13705,-0.41111,-0.88943,-0.14533
-0.14189,-0.40960,-0.88760,-0.15575
-0.14679,-0.40934,-0.88477,-0.16757
-0.15237,-0.41043,-0.88060,-0.18129
-0.15848,-0.41149,-0.87593,-0.19573
-0.15626,-0.38930,-0.88238,-0.21316
-0.15527,-0.38968,-0.87981,-0.22356
-0.15363,-0.38931,-0.87837,-0.23084
-0.15181,-0.38856,-0.87690,-0.23878
-0.15002,-0.38870,-0.87487,-0.24701
-0.14853,-0.38782,-0.87264,-0.25696
-0.14755,-0.38681,-0.87090,-0.26482
-0.14806,-0.38640,-0.86967,-0.26916
-0.14926,-0.38637,-0.86906,-0.27051
-0.14999,-0.38665,-0.86876,-0.27066
-0.15043,-0.38759,-0.86853,-0.26981
-0.15091,-0.39059,-0.86753,-0.26844
-0.15042,-0.39190,-0.86764,-0.26643
-0.14993,-0.39317,-0.86801,-0.26361
-0.14966,-0.39403,-0.86857,-0.26064
-0.14884,-0.39453,-0.86923,-0.25813
-0.14817,-0.39505,-0.86967,-0.25622
-0.14743,-0.39552,-0.86993,-0.25505
-0.14641,-0.39613,-0.87019,-0.25380
-0.14498,-0.39678,-0.87061,-0.25217
-0.14337,-0.39749,-0.87098,-0.25068
-0.14192,-0.39814,-0.87135,-0.24917
-0.14334,-0.40915,-0.86675,-0.24654
-0.14193,-0.40993,-0.86681,-0.24587
-0.14042,-0.41048,-0.86716,-0.24460
-0.13910,-0.41084,-0.86768,-0.24289
-0.13796,-0.41121,-0.86798,-0.24184
-0.13751,-0.41152,-0.86802,-0.24143
-0.13718,-0.41177,-0.86810,-0.24091
-0.13676,-0.41203,-0.86821,-0.24029
-0.13641,-0.41224,-0.86833,-0.23969
-0.13609,-0.41241,-0.86850,-0.23896
-0.13567,-0.41248,-0.86876,-0.23813
-0.13738,-0.42151,-0.86489,-0.23542
-0.13617,-0.42139,-0.86572,-0.23326
-0.13509,-0.42150,-0.86634,-0.23141
-0.13441,-0.42178,-0.86661,-0.23026
-0.13394,-0.42209,-0.86680,-0.22925
-0.13369,-0.42239,-0.86684,-0.22871
-0.13378,-0.42266,-0.86665,-0.22887
-0.13372,-0.42303,-0.86638,-0.22923
-0.13280,-0.42350,-0.86646,-0.22862
-0.13116,-0.42394,-0.86697,-0.22679
-0.12914,-0.42438,-0.86775,-0.22415
-0.13267,-0.44700,-0.85751,-0.21742
-0.13092,-0.44752,-0.85823,-0.21454
-0.12990,-0.44815,-0.85845,-0.21296
-0.12893,-0.44880,-0.85862,-0.21149
-0.12755,-0.44947,-0.85904,-0.20917
-0.12593,-0.45006,-0.85969,-0.20618
-0.12455,-0.45054,-0.86036,-0.20318
-0.12365,-0.45084,-0.86091,-0.20073
-0.12363,-0.45114,-0.86099,-0.19971
-0.12386,-0.45138,-0.86085,-0.19962
-0.12389,-0.45165,-0.86084,-0.19904
-0.12327,-0.45236,-0.86089,-0.19761
-0.12225,-0.45265,-0.86127,-0.19592
-0.12145,-0.45295,-0.86154,-0.19448
-0.12062,-0.45327,-0.86179,-0.19315
-0.11946,-0.45342,-0.86226,-0.19146
-0.11843,-0.45330,-0.86283,-0.18977
-0.11789,-0.45303,-0.86332,-0.18852
-0.11823,-0.45273,-0.86352,-0.18814
-0.11935,-0.45273,-0.86314,-0.18914
-0.12038,-0.45313,-0.86251,-0.19042
-0.12065,-0.45385,-0.86198,-0.19094
-0.11993,-0.45351,-0.86236,-0.19047
-0.11940,-0.45381,-0.86244,-0.18972
-0.11905,-0.45394,-0.86245,-0.18957
-0.11861,-0.45381,-0.86269,-0.18908
-0.11781,-0.45363,-0.86314,-0.18798
-0.11699,-0.45342,-0.86361,-0.18683
-0.11630,-0.45328,-0.86397,-0.18591
-0.11566,-0.45311,-0.86437,-0.18490
-0.11491,-0.45289,-0.86483,-0.18374
-0.11424,-0.45271,-0.86521,-0.18281
-0.11376,-0.45239,-0.86560,-0.18203
-0.11358,-0.45343,-0.86535,-0.18075
-0.11306,-0.45269,-0.86602,-0.17972
-0.11207,-0.45187,-0.86684,-0.17843
-0.11019,-0.45106,-0.86803,-0.17586
-0.10731,-0.45037,-0.86953,-0.17194
-0.10352,-0.44968,-0.87142,-0.16645
-0.09994,-0.44887,-0.87328,-0.16094
-0.09798,-0.44820,-0.87438,-0.15805
-0.09784,-0.44794,-0.87448,-0.15834
-0.09828,-0.44789,-0.87422,-0.15961
-0.09793,-0.44768,-0.87438,-0.15955
-0.09807,-0.45347,-0.87180,-0.15718
-0.09639,-0.45282,-0.87283,-0.15438
-0.09393,-0.45175,-0.87428,-0.15077
-0.09114,-0.45008,-0.87618,-0.14639
-0.08801,-0.44834,-0.87822,-0.14135
-0.08475,-0.44693,-0.88005,-0.13628
-0.08082,-0.44573,-0.88190,-0.13056
-0.07675,-0.44470,-0.88381,-0.12340
-0.07319,-0.44400,-0.88547,-0.11600
-0.07017,-0.44353,-0.88685,-0.10885
-0.06665,-0.44306,-0.88827,-0.10113
-0.06217,-0.44200,-0.89006,-0.09259
-0.05740,-0.44103,-0.89184,-0.08255
-0.05099,-0.43969,-0.89401,-0.06942
-0.04234,-0.43753,-0.89666,-0.05265
-0.03215,-0.43448,-0.89954,-0.03193
-0.01861,-0.43066,-0.90229,-0.00746
-0.00225,-0.42485,-0.90492,0.02479
0.01629,-0.41686,-0.90664,0.06307
0.03380,-0.40839,-0.90670,0.09983
0.04556,-0.40063,-0.90558,0.13172
0.05715,-0.39370,-0.90381,0.15770
0.06978,-0.38464,-0.90220,0.18227
0.08357,-0.37729,-0.89835,0.20890
0.10019,-0.36816,-0.89321,0.23790
0.11968,-0.35775,-0.88642,0.26824
0.14145,-0.34582,-0.87777,0.29987
0.16473,-0.33322,-0.86705,0.33176
0.18773,-0.32096,-0.85491,0.36176
0.20855,-0.30935,-0.84264,0.38828
0.22678,-0.29952,-0.83072,0.41080
0.24388,-0.29097,-0.81851,0.43116
0.26124,-0.28247,-0.80483,0.45189
0.27245,-0.26297,-0.79384,0.47586
0.28990,-0.25370,-0.77806,0.49619
0.30757,-0.24460,-0.76097,0.51624
0.32328,-0.23718,-0.74521,0.53282
0.33734,-0.23122,-0.73057,0.54682
0.35121,-0.22562,-0.71543,0.56027
0.36367,-0.21956,-0.70071,0.57318
0.37482,-0.21365,-0.68619,0.58567
0.38601,-0.20771,-0.67046,0.59861
0.39776,-0.20097,-0.65293,0.61244
0.41013,-0.19361,-0.63399,0.62640
0.38714,-0.14966,-0.62128,0.66463
0.40091,-0.14093,-0.59580,0.68150
0.41534,-0.13258,-0.56736,0.69859
0.43038,-0.12400,-0.53527,0.71616
0.44424,-0.11460,-0.50266,0.73271
0.45653,-0.10275,-0.46922,0.74890
0.46821,-0.09026,-0.43382,0.76448
0.47833,-0.07911,-0.40047,0.77754
0.48624,-0.06986,-0.37185,0.78766
0.49311,-0.06040,-0.34513,0.79629
0.49999,-0.04993,-0.31738,0.80423
0.50468,-0.03803,-0.28789,0.81300
0.51168,-0.02582,-0.25503,0.82005
0.51885,-0.01330,-0.22044,0.82585
0.52565,-0.00189,-0.18770,0.82973
0.53143,0.00713,-0.16097,0.83164
0.53565,0.01334,-0.14037,0.83258
0.53901,0.01870,-0.12304,0.83305
0.54227,0.02382,-0.10589,0.83317
0.54563,0.02842,-0.08824,0.83288
0.54907,0.03354,-0.06847,0.83229
0.55284,0.03978,-0.04606,0.83106
0.56086,0.04574,-0.02388,0.82630
0.56446,0.05180,-0.00265,0.82383
0.56776,0.05678,0.01422,0.82111
0.57046,0.05932,0.02666,0.81874
0.57266,0.06129,0.03817,0.81661
0.57438,0.06329,0.04958,0.81463
0.57573,0.06626,0.06327,0.81249
0.57702,0.07168,0.07820,0.80981
0.57785,0.07925,0.08894,0.80740
0.57890,0.08492,0.09632,0.80522
0.58006,0.08937,0.09898,0.80359
0.58277,0.09138,0.09792,0.80152
0.58375,0.09248,0.09296,0.80128
0.58404,0.09429,0.08270,0.80197
0.58369,0.09486,0.06855,0.80350
0.58293,0.09020,0.04411,0.80629
0.58152,0.07721,0.02533,0.80947
0.57877,0.06220,0.00541,0.81310
0.57592,0.05730,-0.01313,0.81539
0.57504,0.05442,-0.01516,0.81617
0.57297,0.05427,-0.01540,0.81763
0.57019,0.05431,-0.01589,0.81956
0.56818,0.05586,-0.01486,0.82087
0.56708,0.05700,-0.01414,0.82157
0.56723,0.05756,-0.01404,0.82142
0.56759,0.05757,-0.01452,0.82117
0.56812,0.05730,-0.01608,0.82079
0.56836,0.05655,-0.01784,0.82064
0.56820,0.05606,-0.01958,0.82075
0.56800,0.05538,-0.02100,0.82089
0.56786,0.05453,-0.02220,0.82102
0.56700,0.05363,-0.02328,0.82164
0.56621,0.05341,-0.02388,0.82218
0.56557,0.05336,-0.02368,0.82263
0.57613,0.05317,-0.02367,0.81529
0.57628,0.05327,-0.02309,0.81519
0.57638,0.05345,-0.02302,0.81510
0.57642,0.05340,-0.02311,0.81508
0.57639,0.05340,-0.02342,0.81509
0.57634,0.05332,-0.02379,0.81512
0.57631,0.05350,-0.02378,0.81513
0.57629,0.05370,-0.02367,0.81514
0.57632,0.05367,-0.02356,0.81512
0.57552,0.05347,-0.02325,0.81570
0.57492,0.05367,-0.02318,0.81612
0.58103,0.05367,-0.02376,0.81177
0.58112,0.05371,-0.02416,0.81168
0.58117,0.05368,-0.02472,0.81163
0.58115,0.05374,-0.02565,0.81162
0.58113,0.05386,-0.02642,0.81160
0.58110,0.05428,-0.02696,0.81157
0.58047,0.05444,-0.02708,0.81201
0.57950,0.05454,-0.02701,0.81269
0.57903,0.05476,-0.02689,0.81302
0.57899,0.05500,-0.02707,0.81303
0.57900,0.05506,-0.02771,0.81299
0.58916,0.05456,-0.02931,0.80564
0.58931,0.05437,-0.02971,0.80553
0.58935,0.05442,-0.03008,0.80548
0.58933,0.05454,-0.03049,0.80548
0.58932,0.05458,-0.03080,0.80547
0.58915,0.05476,-0.03105,0.80557
0.58904,0.05516,-0.03114,0.80562
0.58914,0.05547,-0.03099,0.80553
0.58934,0.05568,-0.03086,0.80537
0.58948,0.05575,-0.03068,0.80527
0.58951,0.05575,-0.03042,0.80526
0.59482,0.05566,-0.03036,0.80135
0.59481,0.05581,-0.02984,0.80137
0.59479,0.05569,-0.02937,0.80141
0.59479,0.05536,-0.02887,0.80145
0.59480,0.05510,-0.02820,0.80149
0.59480,0.05488,-0.02754,0.80153
0.59450,0.05476,-0.02707,0.80177
0.59416,0.05475,-0.02687,0.80203
0.59388,0.05469,-0.02678,0.80224
0.59377,0.05457,-0.02667,0.80234
0.59375,0.05444,-0.02658,0.80236
0.59987,0.05400,-0.02685,0.79782
0.59959,0.05374,-0.02672,0.79805
0.59947,0.05355,-0.02657,0.79816
0.59946,0.05345,-0.02646,0.79818
0.59946,0.05358,-0.02638,0.79817
0.59945,0.05375,-0.02640,0.79817
0.59946,0.05394,-0.02652,0.79815
0.59945,0.05426,-0.02669,0.79812
0.59944,0.05460,-0.02682,0.79810
0.59943,0.05481,-0.02684,0.79809
0.59943,0.05485,-0.02681,0.79809
0.60479,0.05463,-0.02716,0.79404
0.60479,0.05454,-0.02710,0.79405
0.60452,0.05422,-0.02683,0.79429
0.60434,0.05396,-0.02655,0.79445
0.60425,0.05371,-0.02641,0.79455
0.60422,0.05362,-0.02637,0.79457
0.60422,0.05352,-0.02633,0.79458
0.60422,0.05342,-0.02631,0.79459
0.60402,0.05345,-0.02633,0.79474
0.60372,0.05336,-0.02618,0.79498
0.60312,0.05312,-0.02576,0.79546
0.61282,0.05259,-0.02600,0.78805
0.61262,0.05244,-0.02564,0.78822
0.61258,0.05240,-0.02539,0.78826
0.61256,0.05237,-0.02529,0.78828
0.61234,0.05231,-0.02536,0.78845
0.61211,0.05225,-0.02537,0.78864
0.61193,0.05215,-0.02534,0.78878
0.61186,0.05203,-0.02531,0.78885
0.61184,0.05199,-0.02519,0.78887
0.61184,0.05203,-0.02499,0.78887
0.61185,0.05207,-0.02482,0.78887
0.61807,0.05190,-0.02519,0.78400
0.61807,0.05187,-0.02533,0.78400
0.61807,0.05182,-0.02556,0.78399
0.61807,0.05182,-0.02580,0.78399
0.61811,0.05181,-0.02589,0.78395
0.61822,0.05188,-0.02576,0.78387
0.61832,0.05186,-0.02564,0.78380
0.61835,0.05178,-0.02559,0.78378
0.61836,0.05174,-0.02546,0.78378
0.61837,0.05174,-0.02533,0.78377
0.61836,0.05181,-0.02519,0.78378
0.62151,0.05178,-0.02531,0.78129
0.62151,0.05182,-0.02529,0.78128
0.62151,0.05182,-0.02533,0.78128
0.62150,0.05177,-0.02537,0.78129
0.62148,0.05178,-0.02538,0.78130
0.62148,0.05179,-0.02532,0.78131
0.62147,0.05180,-0.02528,0.78131
0.62147,0.05185,-0.02520,0.78131
0.62148,0.05196,-0.02507,0.78131
0.62129,0.05212,-0.02503,0.78145
0.62117,0.05232,-0.02500,0.78153
0.62775,0.05227,-0.02541,0.77624
0.62765,0.05249,-0.02543,0.77631
0.62744,0.05272,-0.02548,0.77646
0.62709,0.05306,-0.02538,0.77672
0.62640,0.05350,-0.02509,0.77726
0.62563,0.05397,-0.02454,0.77786
0.62494,0.05460,-0.02388,0.77839
0.62443,0.05513,-0.02341,0.77878
0.62414,0.05541,-0.02331,0.77900
0.62406,0.05529,-0.02350,0.77907
0.62401,0.05504,-0.02381,0.77911
0.63120,0.05465,-0.02496,0.77329
0.63083,0.05448,-0.02558,0.77358
0.63059,0.05421,-0.02576,0.77379
0.63054,0.05393,-0.02546,0.77387
0.63054,0.05365,-0.02514,0.77389
0.63055,0.05322,-0.02487,0.77392
0.63056,0.05302,-0.02476,0.77393
0.63063,0.05294,-0.02483,0.77388
0.63067,0.05278,-0.02481,0.77385
0.63067,0.05276,-0.02481,0.77386
0.63068,0.05277,-0.02484,0.77385
0.63568,0.05268,-0.02529,0.76974
0.63583,0.05281,-0.02536,0.76960
0.63586,0.05287,-0.02547,0.76957
0.63585,0.05295,-0.02560,0.76957
0.63585,0.05305,-0.02559,0.76956
0.63585,0.05313,-0.02555,0.76956
0.63586,0.05312,-0.02548,0.76956
0.63587,0.05316,-0.02544,0.76954
0.63588,0.05315,-0.02554,0.76953
0.63589,0.05312,-0.02575,0.76952
0.63590,0.05320,-0.02588,0.76950
0.63930,0.05317,-0.02626,0.76666
0.63943,0.05321,-0.02633,0.76656
0.63945,0.05336,-0.02639,0.76652
0.63948,0.05344,-0.02633,0.76650
0.63972,0.05370,-0.02627,0.76628
0.64032,0.05401,-0.02611,0.76576
0.64057,0.05406,-0.02594,0.76555
0.64065,0.05394,-0.02584,0.76550
0.64067,0.05379,-0.02568,0.76550
0.64067,0.05370,-0.02558,0.76551
0.64067,0.05356,-0.02559,0.76552
0.64250,0.05345,-0.02568,0.76399
0.64249,0.05353,-0.02572,0.76399
0.64249,0.05358,-0.02576,0.76398
0.64250,0.05380,-0.02574,0.76396
0.64249,0.05436,-0.02591,0.76392
0.64282,0.05511,-0.02629,0.76358
0.64306,0.05554,-0.02669,0.76334
0.64317,0.05577,-0.02709,0.76321
0.64320,0.05588,-0.02744,0.76316
0.64320,0.05597,-0.02775,0.76314
0.64320,0.05592,-0.02790,0.76314
0.64499,0.05574,-0.02801,0.76164
0.64500,0.05564,-0.02784,0.76165
0.64502,0.05542,-0.02769,0.76165
0.64502,0.05528,-0.02755,0.76166
0.64502,0.05528,-0.02753,0.76167
0.64501,0.05524,-0.02765,0.76167
0.64500,0.05536,-0.02776,0.76167
0.64499,0.05553,-0.02787,0.76166
0.64499,0.05567,-0.02792,0.76165
0.64499,0.05572,-0.02788,0.76165
0.64501,0.05568,-0.02777,0.76164
0.64754,0.05548,-0.02770,0.75951
0.64754,0.05543,-0.02736,0.75952
0.64754,0.05554,-0.02707,0.75952
0.64754,0.05572,-0.02690,0.75951
0.64760,0.05594,-0.02680,0.75946
0.64766,0.05626,-0.02687,0.75938
0.64765,0.05659,-0.02703,0.75935
