0.71383,0.05681,-0.04136,0.69678
0.71383,0.05681,-0.04125,0.69679
0.71384,0.05661,-0.04122,0.69680
0.71384,0.05609,-0.04156,0.69682
0.71335,0.05569,-0.04183,0.69733
0.71333,0.05576,-0.04189,0.69735
0.71329,0.05627,-0.04167,0.69736
0.71323,0.05659,-0.04138,0.69741
0.71323,0.05653,-0.04133,0.69742
0.71322,0.05627,-0.04150,0.69745
0.71320,0.05614,-0.04168,0.69746
0.71319,0.05633,-0.04163,0.69746
0.71318,0.05666,-0.04150,0.69745
0.71318,0.05683,-0.04132,0.69745
0.71319,0.05669,-0.04135,0.69745
0.71333,0.05633,-0.04152,0.69732
0.71333,0.05607,-0.04165,0.69734
0.71332,0.05611,-0.04166,0.69734
0.71332,0.05631,-0.04154,0.69734
0.71332,0.05639,-0.04148,0.69734
0.71332,0.05632,-0.04150,0.69734
0.71331,0.05624,-0.04151,0.69735
0.71330,0.05633,-0.04147,0.69736
0.71329,0.05651,-0.04140,0.69736
0.71329,0.05660,-0.04137,0.69735
0.71329,0.05650,-0.04146,0.69736
0.71108,0.05646,-0.04134,0.69962
0.71109,0.05640,-0.04133,0.69962
0.71108,0.05645,-0.04128,0.69962
0.71108,0.05646,-0.04132,0.69962
0.71108,0.05635,-0.04142,0.69963
0.71107,0.05621,-0.04149,0.69964
0.71107,0.05621,-0.04146,0.69965
0.71106,0.05633,-0.04139,0.69965
0.71106,0.05649,-0.04130,0.69965
0.71105,0.05649,-0.04130,0.69965
0.71104,0.05641,-0.04137,0.69967
0.70989,0.05644,-0.04130,0.70083
0.70988,0.05654,-0.04126,0.70083
0.70988,0.05667,-0.04118,0.70083
0.70990,0.05678,-0.04100,0.70082
0.71033,0.05668,-0.04168,0.70034
0.71109,0.05586,-0.03822,0.69984
0.71100,0.05715,-0.04101,0.69966
0.71043,0.05621,-0.03924,0.70042
0.71073,0.05606,-0.03442,0.70038
0.71366,0.05940,-0.03521,0.69708
0.71923,0.06004,-0.03456,0.69131
0.71738,0.05897,-0.03409,0.69334
0.71481,0.06194,-0.02827,0.69599
0.70801,0.06568,-0.02160,0.70281
0.70573,0.06857,-0.01832,0.70491
0.70529,0.07025,-0.01516,0.70527
0.70511,0.07180,-0.01093,0.70537
0.70510,0.07386,-0.00469,0.70524
0.70471,0.07583,0.00194,0.70543
0.70389,0.07742,0.00848,0.70602
0.70278,0.07874,0.01535,0.70687
0.70098,0.08084,0.02382,0.70818
0.69651,0.08465,0.03466,0.71169
0.69465,0.09081,0.04616,0.71210
0.69371,0.09900,0.06148,0.71077
0.69208,0.10986,0.08130,0.70877
0.68911,0.12290,0.10505,0.70639
0.68543,0.13783,0.13032,0.70299
0.68222,0.15400,0.15646,0.69741
0.67973,0.17054,0.18359,0.68933
0.67772,0.18746,0.21017,0.67925
0.67695,0.20280,0.23496,0.66739
0.67625,0.21159,0.25695,0.65719
0.65404,0.20098,0.28152,0.67274
0.65098,0.19263,0.29683,0.67157
0.65041,0.18242,0.30396,0.67178
0.64831,0.16835,0.30297,0.67791
0.64425,0.15093,0.29086,0.69105
0.63998,0.12979,0.26650,0.70891
0.63674,0.10402,0.22799,0.72923
0.63138,0.07349,0.17611,0.75163
0.61994,0.03988,0.11250,0.77552
0.60296,-0.00115,0.04078,0.79673
0.58281,-0.04978,-0.03511,0.81032
0.56013,-0.10130,-0.11169,0.81456
0.53110,-0.14817,-0.18617,0.81322
0.50189,-0.19003,-0.25111,0.80557
0.47562,-0.23061,-0.30557,0.79198
0.45549,-0.26392,-0.35222,0.77383
0.43846,-0.28593,-0.39515,0.75489
0.42425,-0.30605,-0.43378,0.73361
0.41098,-0.32559,-0.46917,0.71061
0.39316,-0.34666,-0.50468,0.68596
0.36790,-0.37026,-0.54136,0.65915
0.33663,-0.39079,-0.57697,0.63330
0.30666,-0.40846,-0.60708,0.60874
0.33495,-0.48500,-0.58610,0.55595
0.30691,-0.50620,-0.60209,0.53577
0.27633,-0.53337,-0.61504,0.51077
0.23698,-0.55866,-0.63367,0.47979
0.19437,-0.58290,-0.65290,0.44291
0.15197,-0.60531,-0.67076,0.40073
0.11459,-0.62352,-0.68579,0.35747
0.08376,-0.63540,-0.69841,0.31854
0.06103,-0.64289,-0.70854,0.28451
0.04996,-0.64643,-0.71578,0.25941
0.05466,-0.64641,-0.71915,0.24896
0.07575,-0.64410,-0.71669,0.25643
0.11409,-0.64199,-0.70659,0.27491
0.17426,-0.65613,-0.67419,0.29085
0.24288,-0.64973,-0.64626,0.31813
0.32922,-0.63525,-0.60043,0.35715
0.42906,-0.61048,-0.52875,0.40453
0.52943,-0.57063,-0.43164,0.45581
0.61903,-0.51163,-0.32181,0.50146
0.68798,-0.43925,-0.21095,0.53781
0.72411,-0.36654,-0.11650,0.57248
0.74062,-0.29011,-0.03150,0.60524
0.74506,-0.21090,0.04213,0.63137
0.74260,-0.12907,0.10098,0.64938
0.74737,-0.05227,0.18610,0.63567
0.73387,0.02514,0.27868,0.61898
0.71391,0.11074,0.35934,0.59071
0.69065,0.18568,0.42665,0.55361
0.66440,0.24651,0.48889,0.50871
0.63181,0.28729,0.55047,0.46396
0.60640,0.31402,0.59630,0.42201
0.59351,0.33285,0.62513,0.38231
0.59155,0.34657,0.63626,0.35373
0.59652,0.35369,0.63895,0.33289
0.59746,0.35630,0.64888,0.30831
0.60161,0.41468,0.64200,0.23225
0.58137,0.42122,0.66334,0.21109
0.56795,0.42074,0.68342,0.18261
0.55405,0.42327,0.69978,0.15548
0.54495,0.42738,0.70904,0.13278
0.54128,0.43081,0.71321,0.11290
0.53967,0.43331,0.71446,0.10270
0.54181,0.43233,0.71377,0.10032
0.54667,0.42969,0.71232,0.09549
0.55287,0.42831,0.70930,0.08816
0.55625,0.43166,0.70615,0.07489
0.56380,0.45357,0.68889,0.04285
0.58115,0.44242,0.68178,0.04134
0.60288,0.43193,0.66943,0.04286
0.62612,0.41613,0.65731,0.05256
0.65043,0.38217,0.65189,0.07698
0.68315,0.32805,0.64165,0.11818
0.69592,0.28150,0.64325,0.15058
0.69655,0.24567,0.65157,0.17296
0.69717,0.22031,0.65613,0.18684
0.69427,0.19239,0.66601,0.19340
0.70270,0.16460,0.65976,0.20937
0.71220,0.13274,0.64685,0.23822
0.73464,0.13199,0.62508,0.22839
0.74172,0.08200,0.61097,0.26427
0.74606,0.02794,0.59502,0.29759
0.74776,-0.03040,0.58004,0.32168
0.74679,-0.09658,0.56538,0.33664
0.74015,-0.16604,0.55529,0.34096
0.73177,-0.23051,0.54670,0.33540
0.72699,-0.28959,0.52872,0.32875
0.72136,-0.34471,0.50484,0.32551
0.71346,-0.39867,0.47941,0.31968
0.70549,-0.45307,0.44838,0.30978
0.69342,-0.51020,0.40824,0.30365
0.68391,-0.55727,0.37538,0.28427
0.67320,-0.59743,0.34726,0.26322
0.65960,-0.63345,0.32404,0.24221
0.64642,-0.66633,0.30071,0.21843
0.63286,-0.69707,0.27489,0.19498
0.61972,-0.72451,0.24820,0.17156
0.60674,-0.74957,0.21925,0.14813
0.59441,-0.77152,0.18814,0.12667
0.58240,-0.78999,0.15670,0.11030
0.57032,-0.80566,0.12690,0.09771
0.55886,-0.81840,0.10583,0.08189
0.54786,-0.82955,0.08076,0.07192
0.53796,-0.83845,0.05679,0.06605
0.52918,-0.84536,0.03828,0.06222
0.52356,-0.84968,0.02198,0.05869
0.52105,-0.85145,0.00553,0.05923
0.52341,-0.84965,-0.01229,0.06307
0.53337,-0.84243,-0.02973,0.07035
0.55360,-0.82751,-0.04358,0.08276
0.58368,-0.80440,-0.04961,0.09900
0.62100,-0.77322,-0.04543,0.12007
0.64670,-0.73274,-0.08669,0.19327
0.67903,-0.69668,-0.06410,0.22238
0.70560,-0.66021,-0.04343,0.25370
0.72377,-0.62888,-0.02655,0.28277
0.74720,-0.58518,-0.01517,0.31470
0.77137,-0.53402,-0.00147,0.34614
0.79489,-0.47399,0.02249,0.37812
0.81745,-0.40375,0.06313,0.40593
0.83511,-0.32588,0.10645,0.43019
0.84452,-0.24705,0.14564,0.45227
0.84596,-0.17389,0.18409,0.46928
0.81928,-0.11446,0.21664,0.51841
0.81046,-0.04687,0.25856,0.52354
0.79609,0.01965,0.30399,0.52292
0.77729,0.08373,0.34840,0.51713
0.75558,0.14430,0.39105,0.50532
0.73246,0.20082,0.43216,0.48622
0.71039,0.25244,0.46793,0.46116
0.69297,0.29646,0.49549,0.43173
0.68041,0.32936,0.51747,0.40099
0.66803,0.34990,0.53978,0.37410
0.64999,0.36421,0.56604,0.35278
0.62693,0.37990,0.59115,0.33641
0.60565,0.40148,0.60714,0.32153
0.58884,0.42447,0.61622,0.30556
0.57197,0.44212,0.62862,0.28673
0.55561,0.45562,0.64107,0.26970
0.53855,0.46878,0.65290,0.25284
0.52675,0.47782,0.66343,0.23256
0.52039,0.48418,0.66953,0.21563
0.51533,0.48919,0.67518,0.19813
0.51167,0.49425,0.67969,0.17869
0.50835,0.49783,0.68451,0.15872
0.50334,0.48002,0.70211,0.15254
0.50690,0.47737,0.70490,0.13520
0.51337,0.47275,0.70610,0.11995
0.52139,0.46679,0.70632,0.10664
0.53285,0.45775,0.70516,0.09638
0.54779,0.44396,0.70288,0.09368
0.56518,0.42777,0.69805,0.10153
0.58478,0.40548,0.69266,0.11762
0.60145,0.37939,0.68979,0.13605
0.61007,0.35391,0.69063,0.15998
0.62054,0.32082,0.68868,0.19425
0.60645,0.21835,0.70794,0.28872
0.60623,0.17349,0.70053,0.33414
0.60870,0.12597,0.68966,0.37145
0.62147,0.07411,0.66359,0.40981
0.62858,0.02215,0.63753,0.44492
0.63466,-0.02712,0.60998,0.47370
0.63183,-0.07482,0.59492,0.49118
0.62790,-0.11988,0.58546,0.49860
0.62580,-0.16282,0.57393,0.50246
0.62830,-0.20422,0.55322,0.50742
0.63350,-0.24210,0.53137,0.50765
0.62540,-0.28956,0.50371,0.52087
0.63151,-0.32049,0.47714,0.52041
0.63647,-0.35002,0.44730,0.52184
0.63996,-0.37975,0.41493,0.52352
0.64367,-0.40925,0.38185,0.52191
0.64908,-0.43677,0.34584,0.51801
0.65589,-0.46301,0.30605,0.51163
0.66155,-0.48619,0.27246,0.50172
0.66648,-0.50913,0.24404,0.48687
0.66761,-0.53359,0.21329,0.47338
0.66279,-0.56241,0.18035,0.46031
0.64606,-0.59568,0.13508,0.45774
0.63555,-0.62445,0.09923,0.44306
0.62410,-0.65162,0.05983,0.42698
0.61314,-0.67547,0.02059,0.40912
0.60557,-0.69319,-0.01646,0.39052
0.60107,-0.70489,-0.05387,0.37275
0.60100,-0.70914,-0.09080,0.35732
0.60855,-0.70444,-0.12154,0.34448
0.62782,-0.68759,-0.13761,0.33783
0.64824,-0.66303,-0.14814,0.34385
0.66689,-0.63290,-0.15235,0.36261
0.69932,-0.59862,-0.10443,0.37643
0.73809,-0.53515,-0.03004,0.40981
0.77598,-0.46400,0.05342,0.42391
0.78535,-0.44484,0.09303,0.42033
0.79674,-0.43289,0.11028,0.40699
0.80799,-0.40040,0.08625,0.42354
0.78982,-0.41563,0.03173,0.44993
0.76807,-0.42832,-0.02620,0.47532
0.76777,-0.40604,-0.02952,0.49476
0.77701,-0.37892,-0.00018,0.50267
0.78411,-0.34528,0.01163,0.51558
0.79232,-0.32659,0.01922,0.51498
0.79278,-0.30907,0.02430,0.52477
0.79356,-0.28636,0.03399,0.53582
0.79421,-0.26202,0.04592,0.54633
0.79465,-0.23337,0.06175,0.55700
0.79305,-0.20239,0.08352,0.56845
0.78917,-0.16961,0.10778,0.58037
0.78569,-0.13581,0.13274,0.58875
0.78292,-0.09871,0.16217,0.59244
0.77650,-0.02854,0.21384,0.59203
0.76549,0.04373,0.26296,0.58563
0.67525,0.07248,0.31684,0.66211
0.66546,0.13441,0.36676,0.63606
0.65180,0.19919,0.42506,0.59566
0.63357,0.26671,0.48253,0.54279
0.61150,0.33159,0.53395,0.48063
0.58634,0.38714,0.57758,0.41562
0.55968,0.43021,0.61433,0.35252
0.53400,0.46128,0.64313,0.29740
0.51438,0.48531,0.66059,0.25201
0.49907,0.50531,0.66956,0.21745
0.48800,0.52017,0.67405,0.19220
0.46797,0.49946,0.70400,0.18955
0.45630,0.51249,0.71029,0.15695
0.44521,0.52407,0.71561,0.12263
0.43633,0.53361,0.71881,0.09050
0.43201,0.54152,0.71829,0.06469
0.43271,0.54563,0.71600,0.04901
0.44760,0.53572,0.71299,0.06559
0.46942,0.50937,0.70921,0.13119
0.49025,0.47350,0.69751,0.22122
0.51317,0.43652,0.67260,0.30614
0.53751,0.39633,0.63983,0.38029
0.56036,0.34581,0.60281,0.45059
0.58889,0.28909,0.55365,0.51294
0.61356,0.22932,0.50043,0.56614
0.63521,0.17175,0.44791,0.60530
0.65346,0.11742,0.39650,0.63403
0.67165,0.06477,0.34431,0.65280
0.68829,0.01840,0.29018,0.66461
0.70144,-0.01821,0.24136,0.67037
0.70947,-0.04603,0.20372,0.67308
0.71371,-0.06087,0.17971,0.67426
0.71463,-0.05420,0.17402,0.67534
0.73257,-0.02464,0.18972,0.65325
0.72705,0.01112,0.21448,0.65213
0.71992,0.05694,0.24486,0.64693
0.70971,0.10803,0.28458,0.63534
0.69582,0.15917,0.33561,0.61470
0.68076,0.21123,0.39075,0.58246
0.66027,0.26109,0.45398,0.53832
0.63253,0.31006,0.51801,0.48521
0.60473,0.35903,0.56965,0.42532
0.57266,0.40709,0.61528,0.35744
0.53175,0.45278,0.65801,0.28152
0.50192,0.53400,0.66089,0.16169
0.45973,0.56637,0.68032,0.07091
0.42344,0.58659,0.69024,-0.01307
0.39562,0.59697,0.69346,-0.07892
0.38061,0.59919,0.69492,-0.11490
0.38071,0.59488,0.69791,-0.11873
0.39261,0.58704,0.70145,-0.09595
0.41164,0.57777,0.70248,-0.05706
0.43785,0.56653,0.69805,-0.00794
0.46914,0.54858,0.69040,0.04805
0.50155,0.52323,0.68088,0.10524
0.55372,0.59112,0.58181,0.07401
0.59837,0.54901,0.57089,0.12091
0.64473,0.50081,0.55340,0.16512
0.69160,0.44759,0.52934,0.20286
0.73811,0.38271,0.50176,0.23868
0.78350,0.30002,0.47200,0.27081
0.82167,0.20433,0.43963,0.29971
0.84225,0.13028,0.41108,0.32351
0.85222,0.09717,0.38697,0.33842
0.85521,0.08643,0.37084,0.35160
0.85693,0.08342,0.35665,0.36266
0.79541,0.02314,0.35244,0.49253
0.79545,0.00443,0.33619,0.50420
0.79634,-0.02761,0.30969,0.51882
0.79394,-0.06747,0.27767,0.53666
0.78777,-0.10227,0.25041,0.55341
0.78280,-0.12045,0.23680,0.56271
0.78201,-0.12074,0.23750,0.56345
0.78495,-0.11493,0.24271,0.55833
0.78892,-0.11631,0.24021,0.55351
0.79477,-0.11869,0.23550,0.54662
0.79995,-0.12147,0.22757,0.54179
0.84421,-0.10975,0.22388,0.47450
0.84718,-0.12084,0.20709,0.47413
0.84961,-0.13825,0.18643,0.47359
0.85227,-0.15899,0.16324,0.47086
0.85500,-0.17856,0.13962,0.46648
0.85781,-0.19303,0.11795,0.46150
0.85961,-0.20537,0.09595,0.45792
0.85895,-0.22286,0.07063,0.45558
0.85631,-0.23306,0.04561,0.45862
0.85065,-0.24788,0.02281,0.46306
0.84086,-0.27128,-0.00413,0.46835
0.84173,-0.30028,-0.02497,0.44799
0.82290,-0.33429,-0.05717,0.45588
0.79912,-0.36963,-0.08650,0.46615
0.77090,-0.40173,-0.10829,0.48230
0.74294,-0.42887,-0.12622,0.49818
0.71726,-0.45112,-0.14040,0.51216
0.69363,-0.47051,-0.15105,0.52410
0.66850,-0.48616,-0.16352,0.53853
0.64194,-0.50046,-0.17710,0.55326
0.61917,-0.51001,-0.18846,0.56657
0.60517,-0.51081,-0.19592,0.57832
0.58973,-0.50354,-0.20860,0.59594
0.58471,-0.49965,-0.21681,0.60122
0.57837,-0.49477,-0.23006,0.60643
0.56814,-0.48937,-0.24579,0.61426
0.55504,-0.48136,-0.26348,0.62514
0.54010,-0.46895,-0.28260,0.63915
0.52105,-0.46252,-0.29949,0.65183
0.50117,-0.46158,-0.31142,0.66241
0.48586,-0.45924,-0.31821,0.67215
0.47824,-0.45506,-0.32016,0.67949
0.47920,-0.44698,-0.31991,0.68428
0.47673,-0.42951,-0.32606,0.69421
0.48638,-0.41212,-0.32880,0.69677
0.49412,-0.39068,-0.32950,0.70331
0.50182,-0.36215,-0.32773,0.71387
0.51038,-0.33085,-0.32229,0.72538
0.52233,-0.29696,-0.31506,0.73466
0.53844,-0.26132,-0.30440,0.74103
0.55503,-0.22859,-0.28854,0.74594
0.57206,-0.19499,-0.27134,0.74907
0.58616,-0.15823,-0.25198,0.75358
0.60200,-0.11794,-0.22905,0.75579
0.65544,-0.08068,-0.19236,0.72587
0.67205,-0.01983,-0.14920,0.72505
0.68535,0.05540,-0.09496,0.71987
0.69227,0.13986,-0.03751,0.70696
0.69103,0.22598,0.01755,0.68636
0.68616,0.30398,0.06508,0.65769
0.68020,0.36717,0.09734,0.62693
0.67247,0.41785,0.11646,0.59969
0.66671,0.45190,0.12620,0.57911
0.66622,0.46816,0.12808,0.56619
0.67242,0.47072,0.12380,0.55762
0.68167,0.46865,0.11826,0.54927
0.63602,0.45754,0.16302,0.59964
0.64169,0.46477,0.17277,0.58513
0.64629,0.47330,0.18792,0.56831
0.65058,0.47983,0.20427,0.55207
0.65593,0.48155,0.21884,0.53849
0.66176,0.47803,0.23221,0.52881
0.67017,0.46621,0.24399,0.52344
0.67862,0.44623,0.25080,0.52675
0.68157,0.42428,0.25428,0.53924
0.67798,0.40495,0.26000,0.55567
0.67480,0.38123,0.26873,0.57192
0.62255,0.32686,0.31151,0.63918
0.62805,0.30361,0.33298,0.63442
0.63398,0.28477,0.36226,0.62108
0.64148,0.26474,0.38830,0.60633
0.65244,0.24307,0.40653,0.59158
0.66188,0.21392,0.41872,0.58380
0.67064,0.17391,0.42079,0.58560
0.67376,0.13152,0.41737,0.59544
0.67197,0.09140,0.41151,0.60890
0.66792,0.04814,0.40231,0.62427
0.66346,0.00124,0.38863,0.63936
0.63204,-0.05299,0.37583,0.67563
0.63459,-0.07871,0.36974,0.67409
0.64134,-0.09681,0.36111,0.67000
0.64854,-0.11624,0.34831,0.66676
0.65663,-0.13474,0.33773,0.66077
0.66674,-0.14357,0.33097,0.65216
0.67519,-0.15860,0.31370,0.64850
0.67759,-0.18034,0.28775,0.65234
0.67426,-0.20600,0.25849,0.66040
0.66734,-0.23732,0.22623,0.66870
0.65666,-0.27445,0.19533,0.67478
0.64109,-0.31125,0.17579,0.67914
0.61569,-0.34980,0.15751,0.68829
0.59234,-0.38171,0.14040,0.69549
0.57254,-0.40500,0.12126,0.70248
0.55389,-0.42207,0.10405,0.71009
0.53955,-0.43586,0.09304,0.71432
0.53379,-0.44887,0.09255,0.71064
0.53653,-0.46267,0.09557,0.69924
0.54267,-0.47762,0.08849,0.68524
0.54758,-0.49093,0.06754,0.67423
0.54431,-0.50133,0.04598,0.67103
0.53470,-0.50971,0.02813,0.67342
0.55757,-0.50765,0.03036,0.65612
0.56146,-0.48579,0.01611,0.66970
0.56763,-0.44717,0.01213,0.69115
0.56964,-0.41006,0.00828,0.71225
0.56191,-0.38223,-0.00020,0.73359
0.55539,-0.36198,-0.00544,0.74865
0.56168,-0.37739,0.01689,0.73608
0.55569,-0.40395,0.00009,0.72666
0.53748,-0.41741,-0.00409,0.73271
0.53287,-0.41199,-0.00011,0.73913
0.53812,-0.39627,0.00303,0.74390
0.59576,-0.37871,0.03683,0.70731
0.59944,-0.36522,0.04647,0.71073
0.60372,-0.35006,0.06181,0.71356
0.61004,-0.33046,0.08085,0.71562
0.61815,-0.30638,0.10339,0.71647
0.62601,-0.27881,0.13007,0.71656
0.63272,-0.24885,0.16081,0.71545
0.63827,-0.21563,0.19577,0.71259
0.63230,-0.19679,0.23483,0.71156
0.61797,-0.19254,0.26167,0.71594
0.60256,-0.18543,0.28465,0.72216
0.58747,-0.17120,0.30781,0.72857
0.59955,-0.14089,0.33691,0.71217
0.58336,-0.11980,0.35874,0.71878
0.56671,-0.09991,0.38005,0.72417
0.54939,-0.08494,0.39938,0.72901
0.52826,-0.08050,0.41227,0.73790
0.50142,-0.08391,0.42580,0.74849
0.47663,-0.08606,0.44502,0.75324
0.45504,-0.08994,0.46491,0.75413
0.43327,-0.09797,0.48607,0.75261
0.40809,-0.11188,0.50899,0.74958
0.37971,-0.13018,0.53315,0.74473
0.31778,-0.17413,0.54937,0.75292
0.29499,-0.19296,0.56902,0.74294
0.27572,-0.21394,0.58540,0.73179
0.25806,-0.23690,0.59952,0.71962
0.24227,-0.26179,0.61222,0.70566
0.22965,-0.28855,0.62344,0.68943
0.22051,-0.31519,0.63282,0.67198
0.21286,-0.33990,0.64157,0.65388
0.20243,-0.36265,0.65254,0.63379
0.18767,-0.38296,0.66794,0.60990
0.17047,-0.40141,0.68572,0.58275
0.11953,-0.46085,0.67587,0.56261
0.10542,-0.47956,0.68917,0.53287
0.09371,-0.49729,0.70040,0.50335
0.08375,-0.51511,0.70897,0.47435
0.07439,-0.53418,0.71474,0.44528
0.06356,-0.55496,0.71791,0.41544
0.04802,-0.57605,0.72015,0.38372
0.02772,-0.59445,0.72480,0.34717
0.00725,-0.60771,0.73211,0.30763
-0.01080,-0.61717,0.73826,0.27195
-0.02943,-0.62749,0.74114,0.23686
-0.05452,-0.65871,0.72392,0.19766
-0.07605,-0.67030,0.72136,0.15668
-0.09903,-0.67814,0.71949,0.11245
-0.11767,-0.68150,0.71964,0.06192
-0.13483,-0.68031,0.72028,0.01390
-0.15270,-0.67852,0.71797,-0.02852
-0.17234,-0.67877,0.71079,-0.06599
-0.19330,-0.68079,0.69978,-0.09726
-0.20929,-0.68433,0.68749,-0.12348
-0.22102,-0.68765,0.67613,-0.14537
-0.23020,-0.68973,0.66691,-0.16281
-0.24380,-0.67711,0.67222,-0.17379
-0.25412,-0.67995,0.66232,-0.18554
-0.26377,-0.68470,0.65178,-0.19185
-0.26825,-0.68998,0.64240,-0.19823
-0.26651,-0.69401,0.63600,-0.20693
-0.26293,-0.69689,0.63218,-0.21344
-0.25785,-0.70060,0.62876,-0.21754
-0.25248,-0.70591,0.62428,-0.21956
-0.24743,-0.71266,0.61937,-0.21741
-0.24266,-0.72286,0.61259,-0.20814
-0.24012,-0.73627,0.60341,-0.19014
-0.23532,-0.75126,0.59294,-0.16927
-0.23050,-0.76837,0.57823,-0.14877
-0.22350,-0.78309,0.56531,-0.13131
-0.21417,-0.79744,0.55207,-0.11589
-0.20478,-0.81180,0.53801,-0.09795
-0.19457,-0.82706,0.52173,-0.07693
-0.18114,-0.84314,0.50377,-0.05021
-0.16549,-0.85885,0.48446,-0.01716
-0.14915,-0.87296,0.46405,0.01860
-0.12633,-0.88596,0.44251,0.05753
-0.09743,-0.89464,0.42568,0.09449
-0.06928,-0.89976,0.41263,0.12397
-0.04467,-0.90179,0.40328,0.14880
-0.02287,-0.90207,0.39493,0.17253
-0.00411,-0.90684,0.37111,0.19977
0.02053,-0.90281,0.35964,0.23489
0.04793,-0.89442,0.34757,0.27733
0.07739,-0.88127,0.33467,0.32461
0.10188,-0.86463,0.32430,0.36995
0.12383,-0.84809,0.31755,0.40568
0.14669,-0.83302,0.31397,0.43126
0.17153,-0.81818,0.31245,0.45114
0.19668,-0.80186,0.31205,0.47007
0.22369,-0.78152,0.31109,0.49235
0.25388,-0.75202,0.30770,0.52472
0.30901,-0.70316,0.32500,0.55177
0.35736,-0.65172,0.32576,0.58433
0.41431,-0.58929,0.33281,0.60854
0.47508,-0.51717,0.34404,0.62328
0.51296,-0.44937,0.35569,0.63908
0.52887,-0.39053,0.36973,0.65657
0.53010,-0.33119,0.38585,0.67855
0.52461,-0.27193,0.39797,0.70175
0.52008,-0.21379,0.40077,0.72333
0.51653,-0.15789,0.39768,0.74170
0.51288,-0.10231,0.39760,0.75392
0.49936,-0.04652,0.40111,0.76654
0.51074,0.00945,0.35607,0.78248
0.53040,0.05096,0.34314,0.77352
0.53494,0.09456,0.34587,0.76503
0.52747,0.13862,0.35613,0.75877
0.52080,0.17534,0.36576,0.75116
0.51425,0.20221,0.37901,0.74230
0.50557,0.22240,0.39491,0.73415
0.49831,0.23619,0.41065,0.72613
0.49289,0.24396,0.42032,0.72171
0.51313,0.21897,0.39342,0.73074
0.55257,0.23209,0.36075,0.71460
0.55569,0.22447,0.35372,0.71812
0.56295,0.21950,0.34060,0.72035
0.56884,0.22594,0.33616,0.71580
0.56178,0.24449,0.35735,0.70494
0.54688,0.26414,0.38836,0.69306
0.54335,0.26782,0.39245,0.69212
0.54663,0.26370,0.38706,0.69415
0.54975,0.25984,0.38404,0.69482
0.55567,0.25417,0.37870,0.69513
0.56306,0.24306,0.37145,0.69708
0.54129,0.21153,0.37288,0.72334
0.55208,0.19262,0.36484,0.72457
0.56342,0.16981,0.35828,0.72481
0.57029,0.14763,0.35598,0.72544
0.57324,0.13167,0.35569,0.72633
0.57537,0.12050,0.35504,0.72689
0.57922,0.10422,0.35191,0.72788
0.58322,0.07627,0.34676,0.73061
0.58608,0.03631,0.33932,0.73488
0.58887,-0.01600,0.32707,0.73892
0.58904,-0.08352,0.30995,0.74161
0.53382,-0.17802,0.28074,0.77752
0.51255,-0.25423,0.25970,0.77795
0.48234,-0.32365,0.24001,0.77781
0.44228,-0.38656,0.22240,0.77814
0.39181,-0.44592,0.20332,0.77865
0.33264,-0.50363,0.18259,0.77612
0.27204,-0.55979,0.16794,0.76448
0.22033,-0.61205,0.16987,0.74026
0.17506,-0.65669,0.19434,0.70735
0.12952,-0.69479,0.22780,0.66978
0.08660,-0.72748,0.25568,0.63079
0.10061,-0.73170,0.34341,0.58013
0.05427,-0.76058,0.35071,0.54367
0.01515,-0.78371,0.35346,0.51052
-0.01448,-0.80369,0.35274,0.47900
-0.03838,-0.82088,0.34953,0.45002
-0.05983,-0.83636,0.34568,0.42123
-0.07833,-0.85021,0.34471,0.39011
-0.09532,-0.86201,0.34502,0.35890
-0.11301,-0.87228,0.34438,0.32826
-0.13283,-0.88113,0.34398,0.29604
-0.15422,-0.88902,0.34164,0.26296
-0.16521,-0.87878,0.37929,0.23791
-0.19225,-0.88985,0.36186,0.20065
-0.21931,-0.90077,0.33773,0.16266
-0.24313,-0.90762,0.31698,0.12896
-0.25659,-0.91284,0.30110,0.10115
-0.26700,-0.91641,0.28768,0.07844
-0.27149,-0.92042,0.27574,0.05564
-0.26921,-0.93042,0.24707,0.02825
-0.26273,-0.94233,0.20714,0.00864
-0.25358,-0.95344,0.16318,-0.00552
-0.23950,-0.96281,0.12335,-0.02056
-0.23026,-0.96654,0.10962,-0.02748
-0.22271,-0.97165,0.06997,-0.03754
-0.21663,-0.97485,0.02672,-0.04500
-0.21425,-0.97517,-0.01768,-0.05315
-0.21139,-0.97350,-0.05546,-0.06732
-0.20526,-0.97115,-0.08809,-0.08350
-0.19800,-0.96777,-0.11923,-0.10004
-0.19148,-0.96306,-0.14780,-0.11831
-0.18067,-0.95857,-0.17297,-0.13628
-0.16150,-0.95561,-0.19446,-0.15136
-0.14138,-0.95263,-0.21418,-0.16319
-0.12743,-0.95702,-0.20170,-0.16492
-0.11328,-0.95498,-0.21898,-0.16502
-0.10287,-0.95269,-0.23741,-0.15948
-0.09494,-0.94954,-0.25720,-0.15233
-0.08729,-0.94582,-0.27738,-0.14443
-0.06321,-0.94051,-0.30200,-0.14228
-0.04867,-0.93617,-0.31990,-0.13741
-0.03573,-0.93219,-0.33473,-0.13307
-0.02076,-0.92890,-0.34966,-0.12020
-0.00831,-0.92478,-0.36617,-0.10313
0.00895,-0.92057,-0.38171,-0.08223
0.02448,-0.90818,-0.41345,-0.06054
0.04225,-0.90601,-0.41956,-0.03642
0.06131,-0.90464,-0.42157,-0.01185
0.08037,-0.90262,-0.42257,0.01602
0.10236,-0.90031,-0.42035,0.04773
0.12402,-0.89749,-0.41504,0.08291
0.14697,-0.89295,-0.40738,0.12280
0.17408,-0.88677,-0.39256,0.17097
0.20222,-0.87683,-0.37454,0.22359
0.23056,-0.86229,-0.35515,0.27779
0.25723,-0.84288,-0.33656,0.33185
0.24345,-0.78529,-0.39342,0.41142
0.26132,-0.76181,-0.36503,0.46702
0.27325,-0.73759,-0.33131,0.52109
0.27944,-0.71270,-0.29577,0.57139
0.28599,-0.68439,-0.26619,0.61560
0.29622,-0.65326,-0.23954,0.65431
0.30865,-0.61966,-0.20575,0.69168
0.32418,-0.58765,-0.16867,0.72189
0.33464,-0.55500,-0.12883,0.75060
0.33965,-0.52028,-0.08818,0.77857
0.34020,-0.48987,-0.04907,0.80118
0.36956,-0.46143,0.00272,0.80654
0.36879,-0.43439,0.03392,0.82106
0.36628,-0.40726,0.06689,0.83397
0.36214,-0.37926,0.10285,0.84524
0.35611,-0.35232,0.14309,0.85357
0.34655,-0.32803,0.17855,0.86047
0.33250,-0.31352,0.20553,0.86539
0.31490,-0.30484,0.23192,0.86841
0.29742,-0.30015,0.25967,0.86835
0.28089,-0.29637,0.28796,0.86623
0.26566,-0.29548,0.31199,0.86301
0.23725,-0.30321,0.32536,0.86366
0.21526,-0.31196,0.33785,0.86151
0.19068,-0.32420,0.34939,0.85817
0.16885,-0.33857,0.36161,0.85211
0.15057,-0.35460,0.37929,0.84126
0.13676,-0.37032,0.39996,0.82716
0.12331,-0.38108,0.42025,0.81422
0.11002,-0.38944,0.43980,0.80175
0.09480,-0.39664,0.45921,0.78919
0.07771,-0.40163,0.47935,0.77645
0.06302,-0.40493,0.49795,0.76427
0.04485,-0.41146,0.50648,0.75641
0.02453,-0.42064,0.50494,0.75333
0.00465,-0.43103,0.49854,0.75210
-0.00930,-0.44351,0.49252,0.74875
-0.02012,-0.45905,0.48720,0.74263
-0.02999,-0.47658,0.48257,0.73423
-0.03752,-0.49494,0.47810,0.72460
-0.04320,-0.51535,0.47327,0.71314
-0.05089,-0.53762,0.46909,0.69881
-0.06437,-0.56147,0.46829,0.67920
-0.08141,-0.58709,0.47342,0.65159
-0.09604,-0.61343,0.47972,0.61996
-0.09248,-0.62671,0.50039,0.59017
-0.10180,-0.65165,0.50124,0.56013
-0.10969,-0.67683,0.49804,0.53088
-0.11517,-0.70106,0.49309,0.50211
-0.12090,-0.72227,0.48759,0.47536
-0.12305,-0.74251,0.48101,0.44964
-0.12310,-0.76323,0.47188,0.42387
-0.12208,-0.78433,0.46158,0.39606
-0.11584,-0.80639,0.45298,0.36211
-0.10313,-0.82466,0.44606,0.33216
-0.08585,-0.84163,0.43663,0.30602
-0.04782,-0.82538,0.48450,0.28586
-0.03088,-0.84089,0.46974,0.26701
-0.00969,-0.85412,0.45403,0.25346
0.01611,-0.86505,0.43596,0.24773
0.03962,-0.87413,0.41565,0.24813
0.06418,-0.88376,0.38799,0.25359
0.08523,-0.89428,0.35042,0.26497
0.10201,-0.90440,0.30889,0.27613
0.11899,-0.91028,0.27045,0.28999
0.13790,-0.91161,0.23358,0.30886
0.16187,-0.90779,0.19339,0.33512
0.19108,-0.89756,0.15498,0.36586
0.21480,-0.88716,0.13361,0.38595
0.23279,-0.87511,0.11766,0.40762
0.24959,-0.85918,0.10418,0.43434
0.26419,-0.84194,0.09326,0.46113
0.27932,-0.82215,0.08343,0.48896
0.29498,-0.79956,0.07479,0.51778
0.31418,-0.77698,0.06037,0.54217
0.33393,-0.75831,0.03809,0.55858
0.36248,-0.73008,0.02728,0.57866
0.38349,-0.70087,0.02481,0.60092
0.45811,-0.66319,0.08859,0.58520
0.47937,-0.62451,0.08985,0.61002
0.50746,-0.58640,0.09152,0.62470
0.54566,-0.54024,0.09252,0.63390
0.58860,-0.48641,0.09800,0.63825
0.63217,-0.43403,0.09781,0.63436
0.65767,-0.39108,0.10042,0.63595
0.67070,-0.35469,0.11146,0.64182
0.67862,-0.31852,0.12613,0.64970
0.68286,-0.28081,0.14507,0.65863
0.69089,-0.23889,0.16273,0.66266
0.70119,-0.19364,0.18081,0.66192
0.73050,-0.14277,0.20540,0.63545
0.73980,-0.09582,0.22794,0.62574
0.74456,-0.04713,0.25075,0.61688
0.74798,0.00152,0.27150,0.60566
0.74887,0.04130,0.29268,0.59314
0.74565,0.06961,0.31134,0.58500
0.73986,0.08973,0.32410,0.58267
0.73407,0.10013,0.33086,0.58451
0.72996,0.10131,0.33454,0.58734
0.72692,0.10076,0.33938,0.58844
0.72269,0.10244,0.34853,0.58800
0.77840,0.14625,0.34754,0.50193
0.76829,0.14779,0.36203,0.50677
0.75660,0.14359,0.37628,0.51513
0.74438,0.13480,0.38941,0.52544
0.73299,0.12153,0.40417,0.53348
0.72300,0.10481,0.41780,0.54011
0.71194,0.08441,0.42992,0.54880
0.69810,0.06226,0.44214,0.55973
0.68303,0.03971,0.45488,0.57007
0.66789,0.01911,0.46918,0.57743
0.65292,0.00271,0.48572,0.58117
0.49793,-0.11894,0.48964,0.70581
0.48108,-0.13901,0.50286,0.70453
0.46320,-0.16188,0.51413,0.70350
0.44457,-0.18751,0.52315,0.70251
0.42473,-0.21404,0.52971,0.70228
0.40498,-0.24080,0.53303,0.70277
0.38687,-0.26748,0.53374,0.70279
0.36881,-0.29384,0.53343,0.70220
0.34859,-0.32144,0.53417,0.69987
0.32700,-0.35120,0.53554,0.69493
0.30695,-0.38267,0.53566,0.68732
0.17509,-0.49134,0.46568,0.71490
0.15625,-0.51811,0.46732,0.69911
0.14028,-0.54247,0.47113,0.68124
0.12679,-0.56718,0.47253,0.66253
0.11252,-0.59427,0.47066,0.64239
0.09964,-0.62089,0.46823,0.62074
0.08988,-0.64744,0.46468,0.59735
0.08171,-0.67423,0.45881,0.57291
0.07513,-0.70001,0.45258,0.54728
0.06512,-0.72608,0.44372,0.52123
0.05714,-0.75327,0.43276,0.49197
0.02518,-0.80445,0.37237,0.46214
0.02609,-0.83356,0.35091,0.42586
0.03185,-0.86074,0.32488,0.39061
0.03387,-0.88484,0.29845,0.35614
0.03313,-0.90741,0.26870,0.32141
0.02949,-0.92917,0.23544,0.28345
0.02504,-0.94812,0.19751,0.24785
0.02304,-0.96421,0.15571,0.21337
0.02649,-0.97701,0.10864,0.18150
0.03280,-0.98613,0.06431,0.14945
0.04108,-0.99154,0.02380,0.12077
0.04647,-0.99370,-0.02262,0.09940
0.05396,-0.99358,-0.05414,0.08344
0.06734,-0.99151,-0.08546,0.07122
0.08613,-0.98716,-0.11761,0.06529
0.10437,-0.98023,-0.15223,0.07126
0.12152,-0.97226,-0.18557,0.07419
0.14357,-0.96341,-0.21306,0.07638
0.16449,-0.95475,-0.23191,0.08725
0.17956,-0.94604,-0.24965,0.10220
0.19879,-0.93516,-0.26938,0.11576
0.21575,-0.92363,-0.28656,0.13504
0.23074,-0.91154,-0.30172,0.15757
0.25359,-0.90903,-0.28186,0.17295
0.27276,-0.89460,-0.29323,0.19827
0.29298,-0.87936,-0.30130,0.22384
0.30940,-0.86242,-0.30984,0.25395
0.32412,-0.84256,-0.32156,0.28572
0.34436,-0.81735,-0.33109,0.32207
0.36655,-0.79079,-0.33076,0.36178
0.38974,-0.76306,-0.31879,0.40524
0.41104,-0.73670,-0.29334,0.44974
0.43514,-0.70979,-0.25992,0.48917
0.46053,-0.67860,-0.22188,0.52742
0.56894,-0.65794,-0.08857,0.48536
0.60516,-0.60681,-0.06521,0.51120
0.64224,-0.55333,-0.04466,0.52855
0.67044,-0.49761,-0.01090,0.55025
0.68524,-0.44784,0.02576,0.57378
0.69244,-0.40724,0.05581,0.59293
0.69948,-0.36872,0.08278,0.60657
0.70331,-0.33772,0.10397,0.61684
0.70631,-0.31246,0.12375,0.62304
0.70856,-0.29134,0.14183,0.62686
0.70897,-0.27316,0.15928,0.63038
0.77235,-0.23793,0.20338,0.55272
0.76845,-0.22539,0.21568,0.55871
0.76319,-0.21688,0.22387,0.56603
0.75665,-0.21315,0.23066,0.57344
0.74625,-0.21366,0.23778,0.58388
0.73397,-0.21841,0.24475,0.59470
0.72007,-0.23051,0.24899,0.60528
0.70707,-0.25241,0.25529,0.60924
0.69508,-0.28331,0.25934,0.60774
0.68123,-0.32299,0.25599,0.60504
0.66505,-0.36674,0.24615,0.60218
0.53821,-0.44230,0.16256,0.69877
0.52307,-0.47736,0.14680,0.69064
0.50706,-0.50557,0.13778,0.68432
0.48767,-0.53900,0.12577,0.67516
0.46367,-0.57890,0.10574,0.66235
0.43927,-0.62006,0.07676,0.64551
0.41653,-0.66002,0.04221,0.62378
0.39279,-0.69715,0.00779,0.59970
0.36974,-0.72841,-0.02233,0.57638
0.34798,-0.75347,-0.04728,0.55583
0.32672,-0.77459,-0.07085,0.53688
0.25777,-0.77987,-0.16696,0.54542
0.24144,-0.79466,-0.19251,0.52264
0.23413,-0.80866,-0.22265,0.49161
0.22179,-0.82295,-0.26257,0.45235
0.20713,-0.83311,-0.29917,0.41655
0.19067,-0.83976,-0.31631,0.39798
0.18379,-0.84010,-0.31739,0.39964
0.20256,-0.83185,-0.31743,0.40771
0.24103,-0.81690,-0.31312,0.42017
0.28770,-0.79934,-0.29299,0.43869
0.33003,-0.77938,-0.27367,0.45689
0.34955,-0.75848,-0.27552,0.47604
0.36321,-0.74466,-0.27501,0.48777
0.37850,-0.72950,-0.27839,0.49706
0.40611,-0.70887,-0.27647,0.50610
0.44644,-0.68165,-0.26047,0.51787
0.49249,-0.64725,-0.23234,0.53342
0.54029,-0.60747,-0.19773,0.54770
0.58484,-0.56351,-0.15587,0.56224
0.62572,-0.51164,-0.10686,0.57904
0.66176,-0.44724,-0.04855,0.59975
0.68518,-0.37681,0.02255,0.62292
0.69357,-0.31061,0.09469,0.64305
0.69158,-0.24918,0.15583,0.65981
0.73721,-0.18744,0.20808,0.61489
0.73104,-0.15675,0.20999,0.63001
0.72861,-0.13768,0.19350,0.64244
0.72770,-0.12638,0.16997,0.65237
0.72689,-0.11656,0.14360,0.66138
0.72419,-0.10216,0.11097,0.67290
0.71972,-0.08450,0.05849,0.68662
0.71333,-0.07141,0.00121,0.69718
0.70623,-0.06828,-0.05743,0.70234
0.70171,-0.06372,-0.08510,0.70449
0.71014,-0.05024,-0.08698,0.69686
0.80789,-0.05921,-0.07609,0.58139
0.81165,-0.05924,-0.07641,0.57609
0.81165,-0.06031,-0.07867,0.57567
0.80982,-0.06376,-0.07733,0.57806
0.80787,-0.06453,-0.07499,0.58100
0.80715,-0.06250,-0.07232,0.58255
0.80626,-0.05839,-0.06996,0.58451
0.80531,-0.05420,-0.06936,0.58629
0.80394,-0.05448,-0.06994,0.58807
0.80389,-0.05410,-0.07108,0.58803
0.80475,-0.05254,-0.07022,0.58711
0.78520,-0.04921,-0.07072,0.61322
0.78651,-0.04808,-0.07098,0.61160
0.78889,-0.04967,-0.06720,0.60883
0.79003,-0.05642,-0.06024,0.60748
0.78959,-0.06067,-0.06054,0.60762
0.78898,-0.06047,-0.06524,0.60795
0.78919,-0.06068,-0.06431,0.60776
0.78934,-0.06060,-0.06239,0.60776
0.78938,-0.05913,-0.06327,0.60777
0.78918,-0.05841,-0.06405,0.60801
0.78961,-0.05627,-0.06117,0.60795
0.70289,-0.04423,-0.06597,0.70685
0.70308,-0.04265,-0.06419,0.70693
0.70306,-0.04186,-0.06424,0.70698
0.70304,-0.04156,-0.06399,0.70704
0.70297,-0.04144,-0.06384,0.70713
0.70288,-0.04171,-0.06422,0.70717
0.70268,-0.04273,-0.06590,0.70716
0.70246,-0.04415,-0.06788,0.70710
0.70243,-0.04511,-0.06811,0.70704
0.70241,-0.04456,-0.06832,0.70708
0.70248,-0.04407,-0.06838,0.70704
0.70252,-0.04382,-0.06830,0.70702
0.69457,-0.04243,-0.06839,0.71490
0.69473,-0.04064,-0.06730,0.71497
0.69492,-0.03919,-0.06569,0.71501
0.69502,-0.03774,-0.06509,0.71505
0.69510,-0.03715,-0.06466,0.71504
0.69515,-0.03668,-0.06437,0.71503
0.69517,-0.03642,-0.06427,0.71504
0.69513,-0.03639,-0.06463,0.71505
0.69503,-0.03692,-0.06540,0.71505
0.69493,-0.03737,-0.06625,0.71504
0.69486,-0.03760,-0.06665,0.71506
0.69486,-0.03746,-0.06673,0.71506
0.69136,-0.03667,-0.06690,0.71847
0.69140,-0.03602,-0.06670,0.71849
0.69147,-0.03532,-0.06617,0.71850
0.69156,-0.03438,-0.06545,0.71853
0.69164,-0.03337,-0.06481,0.71855
0.69170,-0.03256,-0.06447,0.71856
0.69174,-0.03201,-0.06426,0.71857
0.69177,-0.03173,-0.06416,0.71856
0.69176,-0.03158,-0.06425,0.71857
0.69173,-0.03146,-0.06461,0.71857
0.69169,-0.03144,-0.06511,0.71857
0.68925,-0.03126,-0.06561,0.72087
0.68924,-0.03114,-0.06576,0.72087
0.68926,-0.03075,-0.06566,0.72087
0.68930,-0.03016,-0.06544,0.72089
0.68933,-0.02950,-0.06512,0.72091
0.68938,-0.02880,-0.06472,0.72093
0.68943,-0.02816,-0.06429,0.72094
0.68948,-0.02756,-0.06393,0.72095
0.68952,-0.02711,-0.06380,0.72094
0.68952,-0.02682,-0.06387,0.72094
0.68952,-0.02665,-0.06398,0.72094
