0.99834,0.00674,-0.05648,-0.00941,0.04938,0.02050,-0.15667
0.99834,0.00678,-0.05646,-0.00942,-0.06045,0.06764,-0.22386
0.99834,0.00669,-0.05636,-0.00940,-0.17343,-0.14605,-0.22401
0.99834,0.00668,-0.05636,-0.00939,-0.01526,-0.05477,-0.36287
0.99834,0.00676,-0.05637,-0.00939,-0.00105,0.03935,-0.63581
0.99834,0.00679,-0.05638,-0.00939,-0.00135,0.01003,-0.42033
0.99834,0.00672,-0.05645,-0.00938,0.08350,0.00643,-0.36751
0.99834,0.00671,-0.05643,-0.00936,-0.04549,0.00688,-0.22386
0.99834,0.00671,-0.05644,-0.00935,-0.02634,-0.05552,-0.42018
0.99834,0.00668,-0.05647,-0.00933,-0.00793,-0.10280,-0.34836
0.99834,0.00674,-0.05650,-0.00933,-0.04190,0.02529,-0.30032
0.99834,0.00682,-0.05647,-0.00933,-0.04145,0.00464,-0.36257
0.99834,0.00678,-0.05647,-0.00932,-0.02708,-0.09502,-0.42497
0.99834,0.00672,-0.05646,-0.00932,-0.08425,0.01137,-0.33399
0.99834,0.00669,-0.05646,-0.00932,-0.04115,0.01197,-0.33878
0.99834,0.00666,-0.05647,-0.00931,-0.01751,-0.04968,-0.12330
0.99834,0.00669,-0.05650,-0.00931,0.01062,-0.00239,-0.36736
0.99834,0.00672,-0.05652,-0.00931,-0.05192,0.04489,-0.42482
0.99834,0.00671,-0.05650,-0.00930,-0.07557,-0.04579,-0.39609
0.99834,0.00668,-0.05650,-0.00930,-0.02768,-0.01182,-0.33384
0.99834,0.00669,-0.05652,-0.00929,-0.01362,-0.01197,-0.37215
0.99834,0.00670,-0.05653,-0.00928,-0.00913,-0.01212,-0.29553
0.99833,0.00674,-0.05655,-0.00929,-0.00958,0.03502,-0.33848
0.99833,0.00680,-0.05657,-0.00930,0.00928,0.04325,-0.37679
0.99833,0.00683,-0.05652,-0.00929,-0.12375,0.01392,-0.46792
0.99834,0.00679,-0.05649,-0.00929,-0.04190,-0.01870,-0.34342
0.99834,0.00672,-0.05647,-0.00928,-0.08918,0.00180,-0.36751
0.99834,0.00669,-0.05643,-0.00929,-0.05507,-0.01676,-0.32441
0.99834,0.00672,-0.05643,-0.00928,-0.02619,-0.01242,-0.34836
0.99834,0.00678,-0.05644,-0.00928,-0.05043,0.01018,-0.30047
0.99834,0.00679,-0.05644,-0.00928,-0.05028,-0.04744,-0.31963
0.99834,0.00674,-0.05643,-0.00927,-0.06449,-0.10385,-0.37709
0.99834,0.00670,-0.05644,-0.00926,0.02634,-0.07437,-0.31005
0.99834,0.00671,-0.05644,-0.00926,-0.04070,-0.00254,-0.27653
0.99834,0.00667,-0.05641,-0.00926,-0.06898,-0.08814,-0.36287
0.99835,0.00662,-0.05634,-0.00925,-0.11073,-0.03442,-0.24810
0.99835,0.00656,-0.05635,-0.00925,0.00883,-0.08589,-0.41569
0.99835,0.00649,-0.05638,-0.00924,-0.01571,-0.05103,-0.38202
0.99834,0.00645,-0.05640,-0.00924,0.01272,-0.04070,-0.37724
0.99835,0.00643,-0.05638,-0.00924,-0.06375,-0.03546,-0.30062
0.99835,0.00640,-0.05636,-0.00923,-0.04893,-0.06360,-0.22895
0.99835,0.00646,-0.05632,-0.00923,-0.10549,0.05013,-0.31514
0.99835,0.00651,-0.05627,-0.00923,-0.08544,0.01571,-0.44457
0.99835,0.00657,-0.05628,-0.00923,-0.02813,0.02394,-0.36317
0.99835,0.00659,-0.05630,-0.00922,-0.00928,-0.01451,-0.30556
0.99835,0.00655,-0.05630,-0.00922,-0.04773,-0.04265,-0.52583
0.99835,0.00654,-0.05629,-0.00922,-0.05222,0.03906,-0.37275
0.99835,0.00647,-0.05625,-0.00921,-0.06599,-0.07452,-0.29613
0.99836,0.00643,-0.05622,-0.00920,-0.07961,-0.05447,-0.27713
0.99836,0.00641,-0.05621,-0.00919,-0.04115,-0.04444,-0.47824
0.99836,0.00644,-0.05619,-0.00919,-0.07422,0.02185,-0.42078
0.99836,0.00648,-0.05622,-0.00918,0.02574,0.00673,-0.25798
0.99835,0.00649,-0.05625,-0.00918,0.02035,-0.00778,-0.27698
0.99835,0.00651,-0.05628,-0.00917,0.01960,-0.00344,-0.31529
0.99835,0.00654,-0.05631,-0.00917,0.00479,0.02948,-0.32950
0.99835,0.00656,-0.05634,-0.00917,-0.00045,0.00045,-0.27204
0.99835,0.00658,-0.05639,-0.00917,0.04160,0.05746,-0.31978
0.99834,0.00659,-0.05643,-0.00917,-0.02619,0.00943,-0.43455
0.99834,0.00655,-0.05642,-0.00917,-0.08350,-0.02813,-0.47779
0.99834,0.00648,-0.05642,-0.00916,-0.00703,-0.08425,-0.32935
0.99834,0.00647,-0.05643,-0.00915,-0.07901,-0.00748,-0.46822
0.99835,0.00650,-0.05637,-0.00915,-0.14006,-0.01751,-0.41569
0.99835,0.00654,-0.05637,-0.00915,-0.01556,-0.00883,-0.31020
0.99835,0.00656,-0.05636,-0.00914,-0.09667,-0.04758,-0.50188
0.99835,0.00655,-0.05636,-0.00914,0.00853,-0.03292,-0.24810
0.99835,0.00654,-0.05639,-0.00913,0.00314,0.01511,-0.35808
0.99834,0.00655,-0.05640,-0.00912,-0.01616,0.03906,-0.32456
0.99834,0.00651,-0.05645,-0.00913,-0.00748,-0.03217,-0.41061
0.99834,0.00647,-0.05643,-0.00912,-0.07901,-0.05043,-0.36287
0.99835,0.00642,-0.05641,-0.00912,-0.04983,-0.03995,-0.31978
0.99835,0.00637,-0.05639,-0.00911,-0.04953,-0.05342,-0.26710
0.99835,0.00635,-0.05640,-0.00911,-0.01137,0.00449,-0.44427
0.99835,0.00639,-0.05635,-0.00910,-0.13497,0.01347,-0.28641
0.99835,0.00635,-0.05634,-0.00910,-0.04848,-0.06719,-0.39654
0.99835,0.00630,-0.05636,-0.00909,0.01332,-0.06644,-0.32471
0.99835,0.00635,-0.05639,-0.00908,0.01751,0.06674,-0.36766
0.99835,0.00638,-0.05637,-0.00908,-0.04444,0.01347,-0.35823
0.99835,0.00637,-0.05635,-0.00908,-0.04878,-0.01018,-0.20500
0.99835,0.00635,-0.05632,-0.00908,-0.07676,0.02364,-0.32007
0.99835,0.00635,-0.05627,-0.00908,-0.06165,0.02364,-0.10939
0.99836,0.00637,-0.05621,-0.00908,-0.10340,0.01377,-0.40163
0.99836,0.00641,-0.05619,-0.00908,-0.03606,-0.00614,-0.32980
0.99836,0.00642,-0.05620,-0.00908,-0.02185,-0.02065,-0.42078
0.99836,0.00648,-0.05619,-0.00908,-0.01691,0.07871,-0.29628
0.99836,0.00649,-0.05618,-0.00907,-0.04534,-0.01257,-0.21009
0.99836,0.00650,-0.05615,-0.00907,-0.08320,-0.00793,-0.39220
0.99836,0.00654,-0.05617,-0.00907,0.01227,0.00090,-0.36811
0.99836,0.00652,-0.05617,-0.00906,-0.03561,-0.02274,-0.36811
0.99836,0.00652,-0.05617,-0.00906,-0.02125,-0.00823,-0.31065
0.99836,0.00652,-0.05617,-0.00906,-0.01167,0.02514,-0.38247
0.99835,0.00653,-0.05624,-0.00905,0.09233,0.02020,-0.30092
0.99835,0.00657,-0.05628,-0.00905,-0.03771,0.02424,-0.43500
0.99835,0.00660,-0.05634,-0.00904,0.09502,-0.00988,-0.32950
0.99835,0.00662,-0.05636,-0.00904,-0.05372,-0.01032,-0.29583
0.99835,0.00668,-0.05637,-0.00904,-0.00599,0.02693,-0.37724
0.99835,0.00670,-0.05637,-0.00903,-0.04429,-0.01661,-0.31499
0.99834,0.00669,-0.05642,-0.00902,0.04100,-0.01646,-0.34357
0.99834,0.00668,-0.05643,-0.00902,-0.01197,-0.03053,-0.27174
0.99834,0.00667,-0.05647,-0.00902,0.00165,-0.00658,-0.44891
0.99834,0.00664,-0.05647,-0.00901,-0.01766,-0.08245,-0.38188
0.99834,0.00661,-0.05645,-0.00901,-0.06509,-0.01018,-0.25738
0.99834,0.00658,-0.05648,-0.00900,0.02050,-0.03816,-0.28611
0.99834,0.00654,-0.05648,-0.00900,-0.05118,-0.07093,-0.47764
0.99834,0.00656,-0.05648,-0.00901,-0.04639,0.00524,-0.41061
0.99834,0.00658,-0.05648,-0.00900,-0.06090,-0.03337,-0.38666
0.99834,0.00660,-0.05646,-0.00900,-0.05552,-0.00973,-0.47764
0.99834,0.00659,-0.05645,-0.00899,-0.06988,-0.04325,-0.33399
0.99834,0.00659,-0.05646,-0.00898,-0.01736,-0.01915,-0.26695
0.99834,0.00656,-0.05648,-0.00898,-0.01781,-0.04265,-0.29568
0.99834,0.00655,-0.05649,-0.00897,-0.05626,-0.01841,-0.37709
0.99834,0.00653,-0.05648,-0.00896,-0.05133,-0.06584,-0.47764
0.99834,0.00651,-0.05650,-0.00896,-0.00374,-0.00329,-0.51116
0.99834,0.00651,-0.05650,-0.00896,-0.06614,-0.00808,-0.39130
0.99834,0.00643,-0.05653,-0.00895,-0.00449,-0.10699,-0.39609
0.99834,0.00644,-0.05652,-0.00893,-0.04729,0.01257,-0.32905
0.99834,0.00644,-0.05651,-0.00894,-0.07093,-0.04504,-0.41539
0.99834,0.00645,-0.05654,-0.00893,0.01466,-0.03561,-0.25723
0.99834,0.00647,-0.05659,-0.00893,-0.00075,-0.00254,-0.36721
0.99833,0.00647,-0.05662,-0.00893,0.01781,-0.00718,-0.43425
0.99834,0.00638,-0.05658,-0.00892,-0.11552,-0.12525,-0.35778
0.99834,0.00636,-0.05658,-0.00891,-0.02454,0.02379,-0.28117
0.99834,0.00637,-0.05654,-0.00891,-0.06195,0.00913,-0.42961
0.99834,0.00642,-0.05654,-0.00890,0.00030,0.04654,-0.20934
0.99834,0.00641,-0.05657,-0.00889,0.02364,-0.04429,-0.25723
0.99834,0.00646,-0.05656,-0.00889,-0.08155,0.05522,-0.41046
0.99834,0.00650,-0.05656,-0.00889,-0.00988,0.02574,-0.33384
0.99834,0.00650,-0.05657,-0.00889,-0.02424,-0.01736,-0.38651
0.99834,0.00652,-0.05655,-0.00888,-0.05746,0.00614,-0.30990
0.99834,0.00647,-0.05655,-0.00888,-0.03352,-0.08859,-0.26680
0.99834,0.00644,-0.05655,-0.00887,-0.00479,-0.02574,-0.30511
0.99834,0.00642,-0.05659,-0.00887,0.02783,-0.02544,-0.37200
0.99834,0.00641,-0.05661,-0.00886,-0.05387,-0.02514,-0.37200
0.99834,0.00639,-0.05659,-0.00886,-0.03442,-0.00090,-0.31454
0.99834,0.00641,-0.05659,-0.00885,-0.05327,-0.00120,-0.44383
0.99834,0.00648,-0.05659,-0.00885,-0.02469,0.08844,-0.29060
0.99834,0.00656,-0.05657,-0.00886,-0.09128,0.05327,-0.30496
0.99834,0.00657,-0.05654,-0.00885,-0.07153,-0.04250,-0.38651
0.99834,0.00658,-0.05649,-0.00885,-0.07542,0.00988,-0.31484
0.99834,0.00661,-0.05651,-0.00884,0.01047,0.02843,-0.31948
0.99834,0.00663,-0.05651,-0.00884,-0.04220,0.01377,-0.46792
0.99834,0.00662,-0.05648,-0.00884,-0.08963,-0.03397,-0.40582
0.99834,0.00657,-0.05648,-0.00883,-0.05596,-0.04729,-0.34357
0.99834,0.00657,-0.05646,-0.00882,-0.06524,0.00060,-0.37230
0.99835,0.00658,-0.05645,-0.00882,-0.01227,0.01945,-0.25259
0.99835,0.00659,-0.05641,-0.00882,-0.10744,-0.00928,-0.29105
0.99835,0.00658,-0.05640,-0.00882,-0.01137,-0.05222,-0.43949
0.99835,0.00657,-0.05640,-0.00880,-0.04010,-0.03771,-0.20964
0.99835,0.00658,-0.05638,-0.00881,-0.06853,0.00988,-0.30541
0.99835,0.00658,-0.05636,-0.00880,-0.06794,0.00030,-0.45400
0.99835,0.00654,-0.05638,-0.00879,-0.00614,-0.02768,-0.48737
0.99835,0.00655,-0.05640,-0.00879,-0.01616,0.02963,-0.39639
0.99835,0.00655,-0.05643,-0.00878,0.02140,-0.02289,-0.37709
0.99834,0.00654,-0.05648,-0.00878,0.03487,-0.01796,-0.35793
0.99834,0.00652,-0.05654,-0.00876,0.03382,-0.02245,-0.26202
0.99834,0.00652,-0.05654,-0.00875,-0.04280,-0.02230,-0.45355
0.99834,0.00656,-0.05659,-0.00874,0.03756,0.05357,-0.34327
0.99833,0.00658,-0.05665,-0.00873,0.04115,-0.02828,-0.33833
0.99833,0.00659,-0.05670,-0.00872,0.03053,0.01945,-0.37649
0.99833,0.00663,-0.05670,-0.00872,-0.03651,0.04265,-0.30945
0.99833,0.00666,-0.05674,-0.00871,0.03935,0.01796,-0.44353
0.99833,0.00666,-0.05677,-0.00871,-0.02334,-0.00120,-0.45774
0.99833,0.00663,-0.05681,-0.00871,0.00943,-0.03891,-0.41465
0.99832,0.00661,-0.05682,-0.00870,-0.02918,-0.00973,-0.43380
0.99832,0.00663,-0.05684,-0.00870,0.01362,0.04729,-0.32352
0.99832,0.00662,-0.05687,-0.00868,-0.01586,-0.04339,-0.44802
0.99832,0.00658,-0.05690,-0.00868,0.00763,-0.06659,-0.28521
0.99832,0.00652,-0.05686,-0.00868,-0.07302,-0.10849,-0.21817
0.99832,0.00658,-0.05683,-0.00867,-0.08200,0.09622,-0.26621
0.99833,0.00661,-0.05681,-0.00867,-0.02888,-0.02409,-0.33803
0.99833,0.00663,-0.05679,-0.00867,-0.05267,-0.00045,-0.36197
0.99833,0.00659,-0.05674,-0.00866,-0.12345,-0.03322,-0.43395
0.99833,0.00657,-0.05675,-0.00866,-0.06120,-0.00419,-0.37649
0.99833,0.00652,-0.05675,-0.00865,0.00090,-0.07033,-0.26635
0.99833,0.00657,-0.05674,-0.00865,-0.04684,0.09158,-0.25199
0.99833,0.00666,-0.05676,-0.00864,-0.01856,0.07542,-0.39549
0.99833,0.00669,-0.05677,-0.00864,-0.03307,-0.00643,-0.22790
0.99833,0.00669,-0.05671,-0.00863,-0.07976,-0.03516,-0.25678
0.99833,0.00673,-0.05669,-0.00863,-0.07931,0.04549,-0.32382
0.99833,0.00679,-0.05675,-0.00863,0.08230,0.04414,-0.30451
0.99832,0.00686,-0.05681,-0.00863,0.03801,0.03322,-0.24690
0.99833,0.00686,-0.05679,-0.00861,-0.08110,-0.04803,-0.37155
0.99833,0.00688,-0.05678,-0.00862,0.00030,0.04729,-0.26142
0.99833,0.00685,-0.05675,-0.00861,-0.08051,-0.03352,-0.23269
0.99833,0.00679,-0.05675,-0.00860,-0.03262,-0.03711,-0.30930
0.99833,0.00676,-0.05677,-0.00859,0.00539,-0.05567,-0.31888
0.99833,0.00673,-0.05675,-0.00858,-0.06135,-0.08380,-0.22311
0.99833,0.00676,-0.05676,-0.00858,-0.01841,0.01137,-0.44338
0.99833,0.00680,-0.05679,-0.00857,0.02888,-0.00853,-0.36676
0.99832,0.00682,-0.05682,-0.00857,-0.01003,0.01511,-0.34267
0.99832,0.00682,-0.05685,-0.00856,0.01332,-0.00419,-0.40492
0.99832,0.00675,-0.05683,-0.00855,-0.07721,-0.08903,-0.29957
0.99833,0.00674,-0.05681,-0.00854,-0.02903,-0.00733,-0.34746
0.99832,0.00675,-0.05684,-0.00853,-0.01047,-0.01227,-0.35704
0.99832,0.00674,-0.05683,-0.00852,-0.08679,-0.05522,-0.50548
0.99833,0.00668,-0.05683,-0.00851,-0.03412,-0.09711,-0.34267
0.99833,0.00667,-0.05680,-0.00851,-0.07198,-0.01541,-0.19438
0.99833,0.00669,-0.05672,-0.00850,-0.12300,0.01287,-0.24720
0.99833,0.00670,-0.05672,-0.00849,-0.02245,-0.01601,-0.34776
0.99833,0.00671,-0.05673,-0.00849,-0.01781,0.01721,-0.53929
0.99833,0.00675,-0.05672,-0.00850,-0.05596,0.03576,-0.34776
0.99833,0.00674,-0.05669,-0.00848,-0.07467,-0.03606,-0.36212
0.99833,0.00677,-0.05668,-0.00848,-0.05043,0.03995,-0.38607
0.99833,0.00675,-0.05666,-0.00846,-0.08829,-0.01706,-0.33354
0.99834,0.00674,-0.05663,-0.00845,-0.06375,0.00239,-0.17074
0.99834,0.00675,-0.05663,-0.00845,-0.02544,0.02619,-0.43410
0.99833,0.00678,-0.05667,-0.00845,0.02649,0.00165,-0.30481
0.99833,0.00683,-0.05670,-0.00845,-0.01242,0.04354,-0.38607
0.99833,0.00685,-0.05671,-0.00845,-0.01257,0.01466,-0.27114
0.99833,0.00678,-0.05668,-0.00844,-0.09831,-0.12764,-0.40522
0.99833,0.00669,-0.05669,-0.00843,-0.00269,-0.07796,-0.30466
0.99834,0.00668,-0.05665,-0.00842,-0.08814,-0.04429,-0.31439
0.99834,0.00669,-0.05664,-0.00841,-0.00658,-0.00614,-0.41495
0.99833,0.00669,-0.05668,-0.00841,-0.01691,-0.01586,-0.35748
0.99834,0.00667,-0.05668,-0.00841,-0.03112,-0.03921,-0.31918
0.99833,0.00670,-0.05670,-0.00840,-0.00778,0.06060,-0.50578
0.99833,0.00671,-0.05671,-0.00839,-0.04609,-0.00180,-0.28072
0.99833,0.00674,-0.05671,-0.00839,-0.02708,-0.00224,-0.41001
0.99833,0.00672,-0.05669,-0.00837,-0.06988,-0.02589,-0.31903
0.99834,0.00676,-0.05667,-0.00837,-0.06928,0.01631,-0.32397
0.99834,0.00682,-0.05662,-0.00836,-0.08754,0.03442,-0.39100
0.99834,0.00683,-0.05662,-0.00835,-0.00614,-0.02319,-0.26650
0.99834,0.00679,-0.05662,-0.00835,-0.04923,-0.04160,-0.32875
0.99834,0.00677,-0.05662,-0.00835,-0.03008,0.01152,-0.46762
0.99834,0.00681,-0.05662,-0.00835,-0.03008,0.04414,-0.33833
0.99834,0.00682,-0.05658,-0.00834,-0.07721,-0.02768,-0.31933
0.99834,0.00682,-0.05656,-0.00834,-0.02424,-0.02289,-0.27623
0.99834,0.00681,-0.05655,-0.00833,-0.03367,0.00120,-0.20919
0.99834,0.00679,-0.05654,-0.00832,-0.07153,-0.02230,-0.31948
0.99834,0.00680,-0.05657,-0.00832,0.03786,-0.01302,-0.27144
0.99834,0.00685,-0.05659,-0.00832,-0.02948,0.00524,-0.38158
0.99834,0.00687,-0.05658,-0.00832,-0.05327,-0.01437,-0.28102
0.99834,0.00685,-0.05659,-0.00832,-0.01032,-0.03801,-0.29060
0.99834,0.00686,-0.05661,-0.00832,0.00853,0.01945,-0.37185
0.99834,0.00683,-0.05664,-0.00832,0.01272,-0.03262,-0.38143
0.99834,0.00684,-0.05665,-0.00831,-0.02589,0.05312,-0.41495
0.99834,0.00690,-0.05666,-0.00832,-0.04998,0.04729,-0.34791
0.99833,0.00691,-0.05667,-0.00831,-0.00239,-0.00569,-0.28551
0.99833,0.00693,-0.05669,-0.00830,-0.00284,-0.00614,-0.36691
0.99833,0.00689,-0.05670,-0.00830,-0.01721,-0.08664,-0.26635
0.99833,0.00683,-0.05672,-0.00828,-0.00808,-0.06150,-0.38128
0.99833,0.00679,-0.05677,-0.00827,0.01975,-0.05118,-0.40028
0.99833,0.00675,-0.05679,-0.00827,-0.01915,-0.05522,-0.30930
0.99833,0.00677,-0.05679,-0.00826,-0.00958,-0.00269,-0.37634
0.99833,0.00679,-0.05680,-0.00826,-0.04788,0.03516,-0.34282
0.99833,0.00676,-0.05682,-0.00825,-0.01481,-0.05043,-0.31873
0.99833,0.00673,-0.05687,-0.00824,0.04175,-0.02125,-0.31873
0.99832,0.00669,-0.05689,-0.00824,0.01257,-0.04429,-0.28506
0.99833,0.00665,-0.05687,-0.00823,-0.08290,-0.03412,-0.20859
0.99833,0.00666,-0.05685,-0.00822,-0.02499,0.00419,-0.32830
0.99833,0.00666,-0.05682,-0.00822,-0.08185,-0.01990,-0.30930
0.99833,0.00667,-0.05677,-0.00821,-0.08095,0.01826,-0.33803
0.99833,0.00669,-0.05677,-0.00821,-0.01392,-0.00599,-0.29494
0.99833,0.00669,-0.05677,-0.00820,-0.05222,-0.00599,-0.28536
0.99833,0.00672,-0.05678,-0.00820,-0.03322,0.01751,-0.44338
0.99833,0.00673,-0.05676,-0.00820,-0.05207,0.01706,-0.40986
0.99833,0.00672,-0.05671,-0.00819,-0.12285,-0.04489,-0.33339
0.99834,0.00671,-0.05670,-0.00818,-0.01736,-0.03980,-0.41480
0.99834,0.00670,-0.05665,-0.00818,-0.09771,-0.00150,-0.39579
0.99834,0.00671,-0.05668,-0.00817,0.02619,-0.00628,-0.43889
0.99834,0.00672,-0.05668,-0.00817,-0.03606,-0.00180,-0.39579
0.99834,0.00675,-0.05668,-0.00815,-0.01212,0.02155,-0.30481
0.99834,0.00682,-0.05669,-0.00815,-0.00748,0.08739,-0.32860
0.99834,0.00685,-0.05668,-0.00815,-0.06958,-0.00434,-0.36691
0.99833,0.00683,-0.05674,-0.00815,0.03472,-0.04220,-0.37155
0.99833,0.00685,-0.05674,-0.00815,-0.04669,0.01975,-0.40986
0.99833,0.00685,-0.05673,-0.00814,-0.03696,-0.00419,-0.33818
0.99833,0.00685,-0.05675,-0.00814,0.00569,0.01018,-0.31409
0.99833,0.00687,-0.05681,-0.00814,0.06674,0.05761,-0.29479
0.99833,0.00685,-0.05680,-0.00813,-0.08619,-0.04744,-0.36676
0.99833,0.00688,-0.05683,-0.00813,0.01841,0.03352,-0.29957
0.99833,0.00694,-0.05679,-0.00812,-0.11492,0.03232,-0.40971
0.99833,0.00693,-0.05677,-0.00812,-0.02828,-0.02963,-0.34761
0.99833,0.00690,-0.05674,-0.00811,-0.07557,-0.01481,-0.27578
0.99833,0.00686,-0.05672,-0.00811,-0.06090,-0.01392,-0.25199
0.99833,0.00684,-0.05673,-0.00809,-0.00838,-0.02304,-0.29509
0.99833,0.00687,-0.05671,-0.00808,-0.05103,0.03846,-0.30466
0.99834,0.00696,-0.05666,-0.00808,-0.07407,0.09412,-0.14664
0.99834,0.00693,-0.05664,-0.00808,-0.03038,-0.11103,-0.31439
0.99834,0.00691,-0.05661,-0.00808,-0.04908,0.01856,-0.34312
0.99834,0.00689,-0.05667,-0.00808,0.04564,-0.04325,-0.49620
0.99834,0.00685,-0.05664,-0.00807,-0.08320,-0.05207,-0.31918
0.99834,0.00686,-0.05665,-0.00807,-0.02110,-0.00913,-0.31439
0.99834,0.00685,-0.05667,-0.00806,-0.00239,-0.06165,-0.41001
0.99834,0.00686,-0.05667,-0.00806,-0.06449,-0.00449,-0.34776
0.99834,0.00688,-0.05668,-0.00805,0.01661,-0.00464,-0.25199
0.99834,0.00686,-0.05668,-0.00805,-0.06479,-0.00434,-0.23762
0.99834,0.00680,-0.05670,-0.00804,0.01616,-0.07033,-0.25199
0.99834,0.00679,-0.05672,-0.00803,-0.00808,0.02589,-0.24720
0.99834,0.00678,-0.05668,-0.00803,-0.09831,-0.02679,-0.26157
0.99834,0.00678,-0.05662,-0.00802,-0.11163,-0.03621,-0.42452
0.99834,0.00680,-0.05658,-0.00802,-0.08200,-0.01272,-0.37200
0.99834,0.00680,-0.05654,-0.00801,-0.05267,-0.01736,-0.31933
0.99834,0.00680,-0.05655,-0.00799,-0.05267,-0.00793,-0.34806
0.99834,0.00683,-0.05654,-0.00798,-0.02858,0.03472,-0.36721
0.99834,0.00687,-0.05657,-0.00797,-0.00045,0.03382,-0.39115
0.99835,0.00686,-0.05654,-0.00795,-0.06689,-0.05686,-0.25708
0.99835,0.00681,-0.05653,-0.00795,-0.03322,-0.08455,-0.32905
0.99835,0.00674,-0.05655,-0.00794,0.02394,-0.05941,-0.36242
0.99835,0.00664,-0.05656,-0.00792,-0.00509,-0.11956,-0.32890
0.99835,0.00662,-0.05649,-0.00791,-0.16640,-0.01856,-0.33878
0.99835,0.00658,-0.05642,-0.00791,-0.13153,-0.12315,-0.41554
0.99836,0.00661,-0.05638,-0.00791,-0.03995,0.04878,-0.30062
0.99835,0.00662,-0.05642,-0.00790,0.02155,0.01018,-0.31484
0.99835,0.00658,-0.05646,-0.00790,-0.00314,-0.08484,-0.31005
0.99835,0.00657,-0.05652,-0.00789,0.02933,0.03023,-0.37694
0.99835,0.00657,-0.05651,-0.00789,-0.05192,-0.01751,-0.31469
0.99835,0.00656,-0.05652,-0.00787,-0.02828,-0.01736,-0.37694
0.99835,0.00654,-0.05653,-0.00786,-0.00449,-0.04564,-0.32426
0.99835,0.00652,-0.05648,-0.00785,-0.12315,-0.04055,-0.43934
0.99835,0.00652,-0.05649,-0.00784,-0.00374,0.02185,-0.37230
0.99835,0.00650,-0.05646,-0.00784,-0.06539,-0.06404,-0.26217
0.99836,0.00650,-0.05643,-0.00784,-0.06943,-0.00180,-0.38681
0.99836,0.00649,-0.05639,-0.00783,-0.07841,-0.07332,-0.45385
0.99836,0.00646,-0.05639,-0.00783,-0.02574,-0.01062,-0.40597
0.99836,0.00647,-0.05635,-0.00782,-0.06809,0.00853,-0.22895
0.99836,0.00647,-0.05635,-0.00780,-0.04414,0.00359,-0.29598
0.99836,0.00644,-0.05632,-0.00779,-0.06270,-0.05327,-0.37260
0.99836,0.00642,-0.05635,-0.00778,0.02783,-0.00973,-0.27204
0.99836,0.00650,-0.05635,-0.00778,-0.02020,0.07961,-0.31035
0.99836,0.00652,-0.05635,-0.00777,-0.04893,-0.01182,-0.35823
0.99836,0.00655,-0.05633,-0.00777,-0.02948,0.04040,-0.31035
0.99836,0.00655,-0.05634,-0.00776,-0.02005,-0.03127,-0.49231
0.99836,0.00651,-0.05639,-0.00776,0.04130,-0.04025,-0.33414
0.99836,0.00651,-0.05639,-0.00774,-0.04968,-0.02095,-0.27189
0.99836,0.00654,-0.05638,-0.00774,-0.04459,0.04549,-0.30062
0.99836,0.00657,-0.05635,-0.00774,-0.07751,0.00643,-0.35823
0.99836,0.00660,-0.05632,-0.00774,-0.08170,0.03935,-0.38696
0.99836,0.00659,-0.05628,-0.00774,-0.07632,-0.04175,-0.33444
0.99837,0.00656,-0.05623,-0.00772,-0.06569,-0.03621,-0.30092
0.99837,0.00655,-0.05622,-0.00771,-0.05118,-0.02649,-0.38247
0.99837,0.00658,-0.05623,-0.00771,-0.02274,0.01601,-0.36317
0.99837,0.00660,-0.05624,-0.00770,-0.01317,-0.00374,-0.28177
0.99837,0.00657,-0.05623,-0.00769,-0.04190,-0.07003,-0.39190
0.99837,0.00660,-0.05623,-0.00769,-0.06090,0.03965,-0.32965
0.99837,0.00658,-0.05624,-0.00768,-0.02289,-0.01272,-0.40148
0.99837,0.00653,-0.05627,-0.00767,-0.02813,-0.08365,-0.32965
0.99837,0.00651,-0.05626,-0.00767,-0.04250,-0.02095,-0.33444
0.99836,0.00651,-0.05632,-0.00766,0.06659,-0.01616,-0.37739
0.99836,0.00653,-0.05632,-0.00766,-0.06270,0.04085,-0.40612
0.99837,0.00654,-0.05626,-0.00765,-0.11432,0.00254,-0.28177
0.99837,0.00655,-0.05622,-0.00764,-0.07033,-0.01691,-0.34895
0.99837,0.00656,-0.05620,-0.00764,-0.08903,-0.02185,-0.40163
0.99837,0.00656,-0.05617,-0.00763,-0.05492,-0.00269,-0.40163
0.99837,0.00662,-0.05617,-0.00763,-0.04549,0.04893,-0.39684
0.99837,0.00662,-0.05617,-0.00762,-0.04534,-0.01347,-0.36811
0.99837,0.00658,-0.05618,-0.00761,-0.02634,-0.05103,-0.52134
0.99837,0.00653,-0.05617,-0.00760,-0.05013,-0.03083,-0.33938
0.99837,0.00650,-0.05620,-0.00759,0.03531,-0.03023,-0.17657
0.99837,0.00650,-0.05621,-0.00759,-0.02693,-0.01586,-0.28192
0.99837,0.00654,-0.05620,-0.00758,-0.04594,0.03127,-0.32022
0.99837,0.00658,-0.05618,-0.00758,-0.04549,0.00643,-0.26276
0.99837,0.00661,-0.05617,-0.00758,-0.03591,0.02514,-0.43993
0.99837,0.00660,-0.05617,-0.00757,-0.04055,-0.02738,-0.31544
0.99837,0.00661,-0.05617,-0.00756,-0.02140,0.00599,-0.21488
0.99837,0.00659,-0.05620,-0.00754,0.02589,-0.05118,-0.28671
0.99837,0.00662,-0.05623,-0.00754,-0.00823,0.04399,-0.33923
0.99837,0.00662,-0.05625,-0.00753,-0.02304,-0.02289,-0.26261
0.99837,0.00662,-0.05624,-0.00752,-0.03726,0.00584,-0.33444
0.99837,0.00655,-0.05621,-0.00750,-0.05581,-0.07422,-0.30586
0.99837,0.00652,-0.05614,-0.00749,-0.08799,-0.00643,-0.25334
0.99837,0.00653,-0.05614,-0.00749,-0.01137,0.00269,-0.33474
0.99837,0.00651,-0.05616,-0.00748,-0.00688,-0.06390,-0.27728
0.99837,0.00651,-0.05617,-0.00747,-0.04055,-0.04459,-0.42557
0.99837,0.00650,-0.05617,-0.00746,0.00718,0.00359,-0.32980
0.99837,0.00645,-0.05617,-0.00745,-0.02634,-0.06270,-0.34417
0.99837,0.00642,-0.05618,-0.00744,-0.01212,0.02409,-0.27234
0.99837,0.00647,-0.05617,-0.00743,-0.03591,0.06629,-0.26755
0.99837,0.00648,-0.05616,-0.00743,-0.03576,-0.00105,-0.23418
0.99837,0.00648,-0.05613,-0.00742,-0.05911,-0.02963,-0.15278
0.99838,0.00649,-0.05610,-0.00741,-0.03935,0.00374,-0.40178
0.99838,0.00654,-0.05611,-0.00741,-0.02499,0.04579,-0.27728
0.99838,0.00657,-0.05611,-0.00740,-0.02020,0.02619,-0.39220
0.99838,0.00656,-0.05611,-0.00738,-0.06809,-0.04549,-0.38262
0.99838,0.00652,-0.05612,-0.00738,-0.02050,-0.03995,-0.38741
0.99838,0.00661,-0.05610,-0.00738,-0.08230,0.14515,-0.45445
0.99838,0.00658,-0.05612,-0.00738,-0.00135,-0.08888,-0.24855
0.99837,0.00656,-0.05614,-0.00738,0.00299,0.02619,-0.34910
0.99837,0.00653,-0.05613,-0.00738,-0.04938,-0.04489,-0.28686
0.99838,0.00652,-0.05606,-0.00737,-0.14380,0.02693,-0.28700
0.99838,0.00659,-0.05601,-0.00737,-0.09487,0.09263,-0.30152
0.99838,0.00658,-0.05596,-0.00737,-0.07961,-0.05552,-0.24885
0.99838,0.00661,-0.05598,-0.00737,0.01092,0.00628,-0.32067
0.99838,0.00659,-0.05600,-0.00736,-0.01332,-0.05088,-0.29194
0.99838,0.00653,-0.05602,-0.00735,-0.01377,-0.07362,-0.35898
0.99838,0.00652,-0.05596,-0.00735,-0.12749,0.02723,-0.32561
0.99839,0.00651,-0.05592,-0.00735,-0.06928,-0.00135,-0.22984
0.99839,0.00650,-0.05590,-0.00734,-0.04489,-0.01541,-0.23942
0.99839,0.00649,-0.05595,-0.00734,0.03068,-0.02020,-0.38786
0.99838,0.00649,-0.05598,-0.00733,0.00614,-0.02978,-0.33504
0.99838,0.00644,-0.05603,-0.00732,0.01960,-0.07661,-0.29194
0.99838,0.00636,-0.05603,-0.00732,-0.03307,-0.08469,-0.37335
0.99838,0.00631,-0.05605,-0.00732,0.00958,-0.04534,-0.25364
0.99838,0.00636,-0.05604,-0.00731,-0.03322,0.08784,-0.20575
0.99838,0.00642,-0.05599,-0.00731,-0.10415,0.05297,-0.36856
0.99838,0.00648,-0.05597,-0.00731,-0.03202,0.05192,-0.47390
0.99838,0.00652,-0.05598,-0.00731,-0.03681,0.00808,-0.36856
0.99838,0.00654,-0.05599,-0.00731,0.00120,0.01721,-0.23448
0.99838,0.00650,-0.05601,-0.00731,-0.00404,-0.02514,-0.43560
0.99838,0.00648,-0.05606,-0.00731,0.00943,0.00404,-0.30616
0.99838,0.00651,-0.05602,-0.00730,-0.09038,0.01302,-0.38292
0.99838,0.00650,-0.05603,-0.00729,-0.00913,-0.04908,-0.35883
0.99838,0.00650,-0.05602,-0.00729,-0.05686,-0.01556,-0.42123
0.99838,0.00650,-0.05605,-0.00728,0.00973,-0.02514,-0.31095
0.99838,0.00650,-0.05609,-0.00728,-0.00090,0.00838,-0.42108
0.99838,0.00645,-0.05609,-0.00727,-0.04863,-0.07198,-0.36362
0.99838,0.00645,-0.05609,-0.00726,-0.00090,0.04280,-0.36841
0.99838,0.00642,-0.05607,-0.00727,-0.08649,-0.06659,-0.31574
0.99838,0.00638,-0.05605,-0.00727,-0.04310,-0.01796,-0.48812
0.99838,0.00637,-0.05601,-0.00725,-0.10939,-0.01287,-0.39250
0.99838,0.00638,-0.05600,-0.00725,-0.04220,0.00120,-0.38771
0.99839,0.00638,-0.05597,-0.00724,-0.06075,-0.02260,-0.32082
0.99839,0.00638,-0.05594,-0.00723,-0.08874,-0.01796,-0.31125
0.99839,0.00640,-0.05596,-0.00722,-0.00793,-0.02304,-0.59376
0.99838,0.00647,-0.05599,-0.00721,0.02514,0.06180,-0.26321
0.99838,0.00649,-0.05601,-0.00721,-0.00883,0.04220,-0.32546
0.99839,0.00652,-0.05597,-0.00721,-0.10370,0.00344,-0.40686
0.99839,0.00651,-0.05592,-0.00720,-0.04534,-0.00120,-0.20590
0.99839,0.00645,-0.05592,-0.00720,-0.03591,-0.06240,-0.39744
0.99839,0.00644,-0.05592,-0.00719,-0.05013,0.02409,-0.31125
0.99839,0.00644,-0.05592,-0.00719,-0.01661,-0.01422,-0.37350
0.99839,0.00646,-0.05589,-0.00718,-0.10714,-0.02409,-0.27788
0.99839,0.00646,-0.05589,-0.00717,-0.01601,-0.01466,-0.32097
0.99839,0.00651,-0.05590,-0.00717,-0.06419,0.04205,-0.39744
0.99839,0.00650,-0.05592,-0.00716,-0.04534,-0.03442,-0.30646
0.99839,0.00653,-0.05589,-0.00716,-0.03995,0.01751,-0.34013
0.99839,0.00655,-0.05586,-0.00716,-0.06345,-0.00195,-0.25394
0.99839,0.00655,-0.05587,-0.00716,0.00344,-0.02589,-0.40238
0.99839,0.00651,-0.05585,-0.00715,-0.06315,-0.01062,-0.24915
0.99839,0.00649,-0.05585,-0.00715,-0.05836,0.02798,-0.43111
0.99839,0.00649,-0.05585,-0.00714,-0.02963,0.02304,-0.39759
0.99839,0.00651,-0.05585,-0.00713,-0.04878,0.02289,-0.34970
0.99839,0.00648,-0.05585,-0.00713,-0.02005,-0.09637,-0.32576
0.99839,0.00653,-0.05582,-0.00713,-0.06734,0.07512,-0.34028
0.99839,0.00658,-0.05580,-0.00713,-0.02873,0.01661,-0.28760
0.99840,0.00659,-0.05575,-0.00713,-0.09472,-0.01706,-0.29239
0.99840,0.00658,-0.05574,-0.00712,-0.00823,-0.02170,-0.25902
0.99840,0.00659,-0.05575,-0.00711,-0.00389,0.00688,-0.32591
0.99840,0.00663,-0.05575,-0.00710,-0.03726,0.03965,-0.26845
0.99840,0.00658,-0.05571,-0.00709,-0.08903,-0.06479,-0.32606
0.99840,0.00655,-0.05569,-0.00709,-0.03142,-0.02095,-0.40267
0.99840,0.00650,-0.05572,-0.00709,-0.00793,-0.05342,-0.37394
0.99840,0.00649,-0.05579,-0.00708,0.05761,0.03292,-0.39774
0.99839,0.00651,-0.05581,-0.00708,-0.00494,0.02768,-0.31633
0.99840,0.00656,-0.05579,-0.00708,-0.09547,0.02200,-0.44083
0.99840,0.00660,-0.05578,-0.00708,-0.03771,0.01167,-0.26366
0.99840,0.00662,-0.05577,-0.00707,-0.08080,0.02080,-0.28282
0.99840,0.00668,-0.05576,-0.00707,-0.03277,0.06255,-0.29239
0.99840,0.00672,-0.05575,-0.00707,-0.05626,0.04280,-0.37858
0.99840,0.00670,-0.05573,-0.00707,-0.06554,-0.04310,-0.45535
0.99840,0.00667,-0.05570,-0.00707,-0.05552,0.00060,-0.35000
0.99840,0.00668,-0.05570,-0.00707,-0.03142,0.00524,-0.32127
0.99840,0.00667,-0.05568,-0.00706,-0.03591,-0.02319,-0.37873
0.99840,0.00671,-0.05568,-0.00705,-0.03097,0.02843,-0.31648
0.99840,0.00674,-0.05568,-0.00704,-0.03576,-0.01018,-0.33085
0.99840,0.00670,-0.05563,-0.00703,-0.14021,-0.11956,-0.39325
0.99841,0.00671,-0.05559,-0.00702,-0.06779,0.01437,-0.29284
0.99840,0.00669,-0.05563,-0.00701,0.04654,-0.03801,-0.33100
0.99840,0.00666,-0.05564,-0.00701,-0.01601,-0.05656,-0.33100
0.99840,0.00660,-0.05565,-0.00701,-0.05447,-0.04594,-0.39325
0.99840,0.00659,-0.05569,-0.00701,0.02619,-0.00254,-0.40267
0.99840,0.00659,-0.05570,-0.00700,-0.01721,0.00703,-0.28296
0.99840,0.00660,-0.05571,-0.00699,-0.03651,-0.01721,-0.33564
0.99840,0.00661,-0.05570,-0.00700,-0.04579,0.00195,-0.33564
0.99840,0.00660,-0.05571,-0.00700,-0.05552,0.00209,-0.38831
0.99840,0.00660,-0.05573,-0.00699,-0.02723,0.00209,-0.42183
0.99840,0.00658,-0.05575,-0.00699,-0.01811,-0.02155,-0.25887
0.99840,0.00662,-0.05575,-0.00698,-0.04220,0.02080,-0.29718
0.99840,0.00665,-0.05571,-0.00698,-0.09876,-0.00853,-0.30691
0.99840,0.00663,-0.05574,-0.00698,0.03950,-0.00823,-0.20156
0.99840,0.00655,-0.05577,-0.00698,-0.01362,-0.08799,-0.36422
0.99840,0.00649,-0.05581,-0.00697,0.06225,-0.02933,-0.25408
0.99840,0.00640,-0.05582,-0.00697,-0.03397,-0.12824,-0.31633
0.99839,0.00639,-0.05588,-0.00697,0.05103,0.02050,-0.35928
0.99839,0.00645,-0.05593,-0.00697,-0.00254,0.02903,-0.39744
0.99839,0.00647,-0.05593,-0.00698,-0.04070,-0.00988,-0.37350
0.99839,0.00642,-0.05593,-0.00698,-0.08395,-0.09981,-0.49799
0.99839,0.00633,-0.05585,-0.00697,-0.16864,-0.09322,-0.29224
0.99840,0.00633,-0.05579,-0.00696,-0.09547,-0.00688,-0.37858
0.99840,0.00637,-0.05584,-0.00696,0.05671,0.06868,-0.30661
0.99839,0.00638,-0.05591,-0.00696,0.06000,-0.01766,-0.37350
0.99839,0.00640,-0.05593,-0.00695,-0.02170,0.02514,-0.29209
0.99839,0.00641,-0.05593,-0.00695,-0.00239,0.04414,-0.22505
0.99839,0.00643,-0.05597,-0.00694,0.00628,0.01975,-0.30167
0.99839,0.00637,-0.05600,-0.00693,0.01047,-0.09876,-0.47390
0.99839,0.00634,-0.05598,-0.00692,-0.09457,-0.03591,-0.29194
0.99839,0.00640,-0.05598,-0.00692,-0.01302,0.08260,-0.39729
0.99839,0.00642,-0.05600,-0.00692,-0.01826,-0.02319,-0.33983
0.99839,0.00643,-0.05600,-0.00692,-0.01347,-0.01377,-0.31110
0.99839,0.00642,-0.05597,-0.00691,-0.10864,-0.02798,-0.36856
0.99839,0.00644,-0.05595,-0.00692,-0.04594,0.01960,-0.36392
0.99839,0.00641,-0.05591,-0.00692,-0.06928,-0.07078,-0.35913
0.99839,0.00639,-0.05593,-0.00692,0.02140,-0.02245,-0.21069
0.99839,0.00633,-0.05598,-0.00690,0.02514,-0.07871,-0.37813
0.99839,0.00630,-0.05601,-0.00690,0.02454,-0.01122,-0.33025
0.99839,0.00630,-0.05602,-0.00689,-0.03307,-0.00628,-0.24885
0.99839,0.00629,-0.05601,-0.00688,-0.03756,-0.01107,-0.22969
0.99839,0.00625,-0.05602,-0.00687,-0.02334,-0.08679,-0.32546
0.99839,0.00627,-0.05602,-0.00687,-0.04744,0.01811,-0.31588
0.99839,0.00632,-0.05601,-0.00687,-0.06150,0.05567,-0.38771
0.99839,0.00632,-0.05602,-0.00686,-0.03786,-0.02604,-0.33025
0.99838,0.00636,-0.05606,-0.00685,0.00928,0.03083,-0.28700
0.99838,0.00640,-0.05609,-0.00685,-0.00554,0.02514,-0.31095
0.99838,0.00644,-0.05605,-0.00684,-0.07676,0.04848,-0.24870
0.99838,0.00637,-0.05605,-0.00684,0.00479,-0.09382,-0.31574
0.99838,0.00632,-0.05608,-0.00684,0.01362,-0.03053,-0.33489
0.99838,0.00630,-0.05607,-0.00683,-0.06270,0.04654,-0.38277
0.99838,0.00626,-0.05608,-0.00683,-0.02469,-0.02469,-0.43545
0.99838,0.00627,-0.05610,-0.00683,0.00359,0.00868,-0.32052
0.99838,0.00631,-0.05608,-0.00682,-0.07736,-0.01122,-0.26785
0.99838,0.00637,-0.05612,-0.00681,0.00808,0.06419,-0.34432
0.99838,0.00640,-0.05615,-0.00680,-0.01646,-0.02738,-0.45445
0.99838,0.00640,-0.05616,-0.00680,-0.03576,-0.00344,-0.34432
0.99838,0.00640,-0.05617,-0.00678,-0.02155,0.01092,-0.33953
0.99838,0.00642,-0.05618,-0.00678,-0.02170,0.03457,-0.46881
0.99838,0.00634,-0.05615,-0.00677,-0.07377,-0.09801,-0.25812
0.99838,0.00632,-0.05617,-0.00677,0.03591,0.02693,-0.44008
0.99838,0.00623,-0.05620,-0.00675,-0.01257,-0.10549,-0.34910
0.99838,0.00621,-0.05616,-0.00674,-0.08859,0.00524,-0.39220
0.99838,0.00621,-0.05617,-0.00674,-0.02634,0.00045,-0.33953
0.99838,0.00622,-0.05620,-0.00673,0.01122,-0.00943,-0.28192
0.99838,0.00628,-0.05620,-0.00673,-0.05567,0.01332,-0.43993
0.99838,0.00632,-0.05615,-0.00673,-0.11223,0.01736,-0.22461
0.99838,0.00628,-0.05616,-0.00673,0.02649,-0.06809,-0.27249
0.99838,0.00625,-0.05616,-0.00672,-0.02619,-0.00988,-0.27249
0.99838,0.00622,-0.05613,-0.00671,-0.09741,-0.01422,-0.20560
0.99838,0.00622,-0.05610,-0.00671,-0.02514,-0.00928,-0.26306
0.99838,0.00621,-0.05610,-0.00669,-0.03935,0.00524,-0.36841
0.99839,0.00622,-0.05604,-0.00669,-0.12450,0.00988,-0.33983
0.99839,0.00625,-0.05604,-0.00670,-0.05731,0.05701,-0.54573
0.99839,0.00631,-0.05602,-0.00670,-0.09532,0.06554,-0.36377
0.99839,0.00633,-0.05598,-0.00669,-0.06584,-0.00658,-0.22505
0.99839,0.00636,-0.05600,-0.00668,0.01032,0.00239,-0.32067
0.99839,0.00640,-0.05599,-0.00668,-0.08021,0.01107,-0.40208
0.99839,0.00643,-0.05599,-0.00668,-0.05626,0.02005,-0.33504
0.99839,0.00646,-0.05595,-0.00667,-0.06988,0.01945,-0.41180
0.99839,0.00640,-0.05597,-0.00667,-0.00808,-0.06554,-0.37828
0.99839,0.00639,-0.05598,-0.00667,-0.04654,0.02574,-0.33983
0.99839,0.00633,-0.05596,-0.00666,-0.03172,-0.06898,-0.25379
0.99839,0.00628,-0.05598,-0.00666,0.02993,0.00374,-0.35913
0.99839,0.00627,-0.05599,-0.00665,-0.04205,-0.03427,-0.40686
0.99839,0.00635,-0.05598,-0.00665,-0.08021,0.08874,-0.33983
0.99839,0.00639,-0.05599,-0.00664,0.00584,-0.00793,-0.36856
0.99839,0.00638,-0.05600,-0.00663,-0.05656,-0.02200,-0.44038
0.99839,0.00633,-0.05603,-0.00662,0.00030,-0.11672,-0.36377
0.99839,0.00633,-0.05604,-0.00660,-0.02394,0.03157,-0.44517
0.99839,0.00637,-0.05596,-0.00660,-0.15173,0.06434,-0.28730
0.99839,0.00637,-0.05591,-0.00660,-0.05971,0.01661,-0.28252
0.99839,0.00636,-0.05589,-0.00660,-0.04968,0.01197,-0.44068
0.99840,0.00638,-0.05587,-0.00660,-0.06838,0.05462,-0.45984
0.99840,0.00639,-0.05585,-0.00659,-0.04414,-0.02215,-0.31618
0.99840,0.00641,-0.05588,-0.00659,-0.01107,0.03008,-0.31140
0.99839,0.00640,-0.05592,-0.00657,0.04070,-0.06539,-0.40701
0.99839,0.00645,-0.05589,-0.00656,-0.10714,0.03427,-0.35928
0.99839,0.00645,-0.05590,-0.00656,-0.00195,-0.02798,-0.31603
0.99840,0.00643,-0.05586,-0.00656,-0.08260,-0.01332,-0.25394
0.99840,0.00635,-0.05587,-0.00655,-0.01571,-0.11238,-0.36886
0.99840,0.00636,-0.05585,-0.00655,-0.05357,0.06958,-0.27788
0.99840,0.00636,-0.05584,-0.00655,-0.03921,-0.00718,-0.38816
0.99840,0.00633,-0.05580,-0.00654,-0.08634,-0.01616,-0.33549
0.99840,0.00632,-0.05581,-0.00653,-0.01451,-0.02065,-0.23493
0.99840,0.00631,-0.05584,-0.00652,-0.04384,-0.02544,-0.45999
0.99840,0.00634,-0.05585,-0.00652,0.00374,0.03157,-0.32576
0.99840,0.00639,-0.05588,-0.00651,-0.03516,0.02095,-0.35928
0.99840,0.00639,-0.05585,-0.00651,-0.10624,-0.04609,-0.34491
0.99840,0.00643,-0.05584,-0.00651,-0.01047,0.00599,-0.32576
0.99840,0.00647,-0.05579,-0.00651,-0.11956,0.03397,-0.26366
0.99840,0.00647,-0.05575,-0.00651,-0.06599,0.01945,-0.31170
0.99840,0.00645,-0.05576,-0.00651,0.01990,0.01511,-0.38831
0.99840,0.00640,-0.05583,-0.00650,0.01856,-0.10355,-0.48393
0.99840,0.00643,-0.05584,-0.00650,-0.05357,0.05387,-0.35928
0.99840,0.00643,-0.05587,-0.00650,0.00823,-0.02753,-0.38322
0.99840,0.00640,-0.05588,-0.00649,-0.01122,-0.02693,-0.20126
0.99840,0.00646,-0.05587,-0.00649,-0.08275,0.06764,-0.43589
0.99840,0.00651,-0.05588,-0.00648,-0.03038,-0.00524,-0.29703
0.99840,0.00651,-0.05588,-0.00647,-0.02065,-0.02918,-0.27788
0.99840,0.00652,-0.05585,-0.00647,-0.06809,0.01841,-0.41674
0.99840,0.00651,-0.05587,-0.00646,-0.00135,-0.01481,-0.33055
0.99840,0.00654,-0.05586,-0.00646,-0.04429,0.04699,-0.38322
0.99840,0.00650,-0.05586,-0.00645,-0.01077,-0.04818,-0.16296
0.99840,0.00645,-0.05587,-0.00645,-0.01571,-0.03756,-0.28267
0.99840,0.00645,-0.05585,-0.00645,-0.07287,-0.02319,-0.36407
0.99840,0.00645,-0.05582,-0.00644,-0.09143,-0.08529,-0.41689
0.99840,0.00648,-0.05581,-0.00645,-0.03367,0.02409,-0.37858
0.99840,0.00648,-0.05583,-0.00644,-0.00539,-0.01900,-0.29239
0.99840,0.00654,-0.05583,-0.00644,-0.02933,0.11402,-0.28267
0.99840,0.00658,-0.05584,-0.00643,-0.01990,0.03187,-0.31140
0.99840,0.00659,-0.05582,-0.00642,-0.01960,-0.00195,-0.19647
0.99840,0.00660,-0.05585,-0.00642,-0.00105,0.01227,-0.33534
0.99840,0.00661,-0.05585,-0.00642,-0.02963,-0.00224,-0.34970
0.99840,0.00664,-0.05583,-0.00641,-0.07721,0.04025,-0.31618
0.99840,0.00662,-0.05581,-0.00641,-0.03861,0.03097,-0.28745
0.99840,0.00659,-0.05584,-0.00640,0.01362,-0.01616,-0.42632
0.99840,0.00659,-0.05587,-0.00640,-0.01092,-0.02110,-0.42153
0.99839,0.00669,-0.05588,-0.00640,-0.00643,0.07287,-0.30646
0.99840,0.00675,-0.05586,-0.00640,-0.06345,-0.00030,-0.32097
0.99839,0.00681,-0.05588,-0.00641,0.01287,0.07033,-0.25857
0.99839,0.00679,-0.05586,-0.00640,-0.07781,-0.02978,-0.22984
0.99839,0.00678,-0.05590,-0.00639,0.05552,-0.00554,-0.23463
0.99839,0.00679,-0.05593,-0.00639,0.01182,0.00853,-0.40686
0.99839,0.00682,-0.05600,-0.00639,0.02005,0.02230,-0.35883
0.99838,0.00680,-0.05607,-0.00639,0.03786,-0.06823,-0.36347
0.99838,0.00678,-0.05607,-0.00639,-0.07706,-0.01511,-0.39220
0.99838,0.00670,-0.05607,-0.00637,-0.05312,-0.11432,-0.42587
0.99839,0.00664,-0.05605,-0.00635,-0.05282,-0.05552,-0.23912
0.99838,0.00663,-0.05606,-0.00636,0.03307,-0.01706,-0.29658
0.99838,0.00667,-0.05610,-0.00635,0.02274,-0.01302,-0.32037
0.99838,0.00666,-0.05613,-0.00635,0.01272,-0.03187,-0.36347
0.99838,0.00662,-0.05615,-0.00634,-0.02125,-0.06479,-0.27728
0.99838,0.00660,-0.05619,-0.00633,0.02589,0.04115,-0.32501
0.99838,0.00661,-0.05616,-0.00632,-0.07886,0.02649,-0.29149
0.99838,0.00659,-0.05613,-0.00631,-0.04489,-0.04983,-0.35868
0.99838,0.00653,-0.05611,-0.00631,-0.06360,-0.10594,-0.26770
0.99838,0.00655,-0.05608,-0.00630,-0.04863,0.01811,-0.41150
0.99838,0.00659,-0.05608,-0.00631,-0.03427,0.03172,-0.38756
0.99839,0.00661,-0.05605,-0.00630,-0.09113,0.02649,-0.31574
0.99839,0.00661,-0.05604,-0.00630,-0.01915,-0.00209,-0.46896
0.99839,0.00664,-0.05603,-0.00629,-0.06674,0.04025,-0.26306
0.99838,0.00664,-0.05610,-0.00628,0.07078,-0.08425,-0.33953
0.99838,0.00661,-0.05611,-0.00628,-0.00599,-0.07886,-0.39220
0.99838,0.00661,-0.05615,-0.00627,0.00748,-0.00224,-0.27713
0.99838,0.00659,-0.05611,-0.00626,-0.12585,0.01257,-0.37305
0.99838,0.00659,-0.05610,-0.00626,-0.03472,-0.02080,-0.19109
0.99838,0.00659,-0.05610,-0.00625,-0.03457,0.00299,-0.44966
0.99839,0.00660,-0.05607,-0.00624,-0.05327,-0.02589,-0.30616
0.99838,0.00661,-0.05609,-0.00623,-0.02005,-0.03083,-0.29164
0.99839,0.00665,-0.05606,-0.00623,-0.05776,0.04025,-0.30616
0.99839,0.00665,-0.05606,-0.00622,-0.04339,-0.01257,-0.38756
0.99839,0.00662,-0.05606,-0.00622,-0.01960,-0.05507,-0.34925
0.99839,0.00656,-0.05605,-0.00620,-0.04803,-0.08739,-0.26785
0.99839,0.00653,-0.05600,-0.00619,-0.09502,-0.04848,-0.18660
0.99839,0.00657,-0.05605,-0.00619,0.07646,0.04175,-0.32052
0.99838,0.00661,-0.05610,-0.00618,-0.00584,-0.00673,-0.36347
0.99839,0.00660,-0.05605,-0.00618,-0.10549,-0.00673,-0.29658
0.99839,0.00657,-0.05601,-0.00618,-0.06165,-0.03487,-0.47390
0.99839,0.00655,-0.05601,-0.00618,-0.03292,0.00868,-0.28237
0.99839,0.00661,-0.05606,-0.00618,0.04280,0.07452,-0.38277
0.99839,0.00663,-0.05606,-0.00617,-0.03861,-0.00718,-0.47375
0.99839,0.00663,-0.05607,-0.00616,-0.00539,0.00718,-0.30137
0.99839,0.00669,-0.05608,-0.00616,-0.05327,0.05866,-0.40657
0.99839,0.00669,-0.05607,-0.00614,-0.04369,-0.01332,-0.38277
0.99839,0.00671,-0.05604,-0.00613,-0.06704,0.01526,-0.34447
0.99838,0.00674,-0.05608,-0.00613,0.02334,0.02409,-0.26770
0.99838,0.00681,-0.05612,-0.00613,-0.00150,0.07557,-0.42093
0.99838,0.00685,-0.05612,-0.00613,-0.04459,0.00284,-0.39699
0.99838,0.00680,-0.05614,-0.00613,0.02215,-0.04893,-0.22924
0.99838,0.00676,-0.05618,-0.00612,0.02604,-0.00015,-0.37769
0.99838,0.00668,-0.05613,-0.00611,-0.14530,-0.10385,-0.34910
0.99839,0.00668,-0.05606,-0.00610,-0.09607,0.02529,-0.27264
0.99839,0.00669,-0.05605,-0.00609,-0.04310,-0.02260,-0.37320
0.99839,0.00675,-0.05603,-0.00609,-0.05252,0.06225,-0.22954
0.99838,0.00675,-0.05608,-0.00610,0.02798,-0.05267,-0.34432
0.99839,0.00677,-0.05607,-0.00609,-0.04369,0.01407,-0.29164
0.99839,0.00679,-0.05606,-0.00609,-0.00988,0.03771,-0.27264
0.99839,0.00679,-0.05608,-0.00608,0.00419,-0.00060,-0.30122
0.99838,0.00681,-0.05608,-0.00608,-0.03427,0.05641,-0.36347
0.99838,0.00684,-0.05607,-0.00608,-0.02454,0.00793,-0.34432
0.99838,0.00681,-0.05609,-0.00608,0.00868,-0.04908,-0.34432
0.99838,0.00678,-0.05608,-0.00607,-0.05821,-0.06749,-0.32516
0.99838,0.00676,-0.05611,-0.00607,0.00838,0.02379,-0.33474
0.99838,0.00677,-0.05613,-0.00606,0.00314,-0.00015,-0.37783
0.99838,0.00672,-0.05611,-0.00606,-0.06360,-0.06629,-0.32037
0.99839,0.00667,-0.05606,-0.00605,-0.08649,-0.05103,-0.20560
0.99839,0.00669,-0.05602,-0.00605,-0.06659,0.00614,-0.32052
0.99839,0.00669,-0.05601,-0.00604,-0.05686,-0.03696,-0.26306
0.99839,0.00667,-0.05592,-0.00603,-0.16999,-0.03187,-0.27773
0.99840,0.00661,-0.05592,-0.00603,-0.01676,-0.04025,-0.44053
0.99840,0.00661,-0.05589,-0.00602,-0.08335,0.01736,-0.38786
0.99840,0.00660,-0.05585,-0.00602,-0.05851,-0.03995,-0.23957
0.99840,0.00664,-0.05581,-0.00601,-0.04339,0.05492,-0.43589
0.99840,0.00670,-0.05584,-0.00601,0.00389,0.04908,-0.36886
0.99840,0.00670,-0.05583,-0.00601,-0.05327,-0.03711,-0.29224
0.99840,0.00663,-0.05577,-0.00600,-0.09532,-0.10280,-0.32591
0.99840,0.00668,-0.05579,-0.00600,0.00973,0.11163,-0.38337
0.99840,0.00672,-0.05576,-0.00599,-0.07123,-0.00404,-0.37858
0.99840,0.00675,-0.05578,-0.00599,0.03382,-0.02364,-0.16789
0.99840,0.00679,-0.05574,-0.00598,-0.12345,0.01870,-0.41689
0.99840,0.00679,-0.05573,-0.00598,0.01556,-0.03876,-0.29239
0.99840,0.00680,-0.05574,-0.00597,-0.03726,0.05671,-0.31155
0.99841,0.00677,-0.05573,-0.00597,-0.05133,-0.03846,-0.34985
0.99841,0.00677,-0.05571,-0.00596,-0.03172,0.05252,-0.25902
0.99841,0.00678,-0.05567,-0.00596,-0.05507,-0.05297,-0.26860
0.99841,0.00678,-0.05563,-0.00596,-0.06853,-0.00509,-0.34058
0.99841,0.00675,-0.05560,-0.00595,-0.08230,-0.06689,-0.38846
0.99841,0.00676,-0.05562,-0.00595,-0.00135,0.02873,-0.44113
0.99841,0.00675,-0.05564,-0.00595,-0.04953,-0.02843,-0.46029
0.99841,0.00672,-0.05561,-0.00594,-0.05866,-0.03756,-0.31663
0.99841,0.00673,-0.05562,-0.00594,-0.00614,0.04848,-0.31663
0.99841,0.00672,-0.05563,-0.00594,-0.02544,-0.03277,-0.42677
0.99841,0.00674,-0.05561,-0.00593,-0.05866,0.00524,-0.42198
0.99841,0.00679,-0.05559,-0.00592,-0.03906,0.05701,-0.32142
0.99842,0.00672,-0.05554,-0.00592,-0.11941,-0.07572,-0.39819
0.99842,0.00667,-0.05551,-0.00592,-0.07108,0.00195,-0.26905
0.99842,0.00667,-0.05553,-0.00591,0.04354,-0.00763,-0.28341
0.99842,0.00668,-0.05556,-0.00590,-0.01466,-0.01751,-0.37903
0.99842,0.00671,-0.05555,-0.00590,-0.10056,0.02020,-0.39819
0.99841,0.00673,-0.05559,-0.00589,0.00898,-0.00883,-0.48438
0.99841,0.00674,-0.05563,-0.00589,0.00808,0.00524,-0.41719
0.99841,0.00672,-0.05565,-0.00588,-0.00195,-0.02304,-0.33579
0.99841,0.00671,-0.05565,-0.00588,-0.03068,-0.00359,-0.27833
0.99841,0.00670,-0.05565,-0.00588,-0.00673,-0.02274,-0.37409
0.99841,0.00676,-0.05564,-0.00588,-0.07826,0.02888,-0.45071
0.99841,0.00680,-0.05567,-0.00588,0.00733,0.00419,-0.51760
0.99841,0.00681,-0.05573,-0.00588,0.02529,0.00868,-0.53660
0.99841,0.00680,-0.05571,-0.00588,-0.07497,-0.01018,-0.38352
0.99840,0.00685,-0.05575,-0.00589,0.04878,0.07018,-0.27803
0.99841,0.00685,-0.05573,-0.00588,-0.06090,-0.07332,-0.30676
0.99841,0.00680,-0.05570,-0.00586,-0.08425,-0.07736,-0.22072
0.99841,0.00682,-0.05572,-0.00586,0.01107,0.03726,-0.31633
0.99840,0.00681,-0.05575,-0.00586,0.00569,-0.04878,-0.23972
0.99841,0.00682,-0.05570,-0.00585,-0.09876,0.00389,-0.30691
0.99841,0.00676,-0.05565,-0.00585,-0.09292,-0.08589,-0.31663
0.99841,0.00672,-0.05565,-0.00585,-0.00195,-0.04684,-0.38367
0.99841,0.00672,-0.05565,-0.00584,-0.03053,0.02005,-0.28790
0.99841,0.00676,-0.05563,-0.00584,-0.04953,0.02409,-0.43155
0.99841,0.00678,-0.05563,-0.00585,-0.03995,-0.04325,-0.45550
0.99841,0.00677,-0.05571,-0.00583,0.04489,0.00494,-0.55590
0.99841,0.00677,-0.05574,-0.00583,-0.01796,0.00973,-0.23493
0.99841,0.00676,-0.05574,-0.00583,0.00584,-0.00943,-0.26845
0.99840,0.00678,-0.05580,-0.00583,0.05731,0.00464,-0.32097
0.99840,0.00685,-0.05579,-0.00583,-0.09577,0.06060,-0.49814
0.99840,0.00685,-0.05580,-0.00582,-0.01915,-0.04459,-0.42632
0.99840,0.00677,-0.05578,-0.00581,-0.07153,-0.11492,-0.31155
0.99841,0.00675,-0.05575,-0.00580,-0.05641,0.00045,-0.42647
0.99841,0.00674,-0.05572,-0.00580,-0.05133,-0.02798,-0.36437
0.99841,0.00672,-0.05570,-0.00579,-0.04130,-0.00853,-0.35958
0.99841,0.00671,-0.05570,-0.00578,-0.02693,0.00599,-0.28775
0.99841,0.00674,-0.05568,-0.00578,-0.03591,0.00060,-0.22550
0.99841,0.00675,-0.05565,-0.00577,-0.06898,-0.04265,-0.45550
0.99841,0.00676,-0.05562,-0.00576,-0.06360,-0.00928,-0.36452
0.99841,0.00675,-0.05558,-0.00576,-0.05806,-0.02349,-0.25453
0.99842,0.00673,-0.05558,-0.00575,-0.03891,-0.00883,-0.44128
0.99841,0.00671,-0.05559,-0.00574,-0.00554,-0.04669,-0.20665
0.99841,0.00672,-0.05559,-0.00574,-0.02963,0.02978,-0.35973
0.99842,0.00664,-0.05558,-0.00573,-0.05806,-0.12659,-0.35030
0.99842,0.00665,-0.05557,-0.00572,-0.07227,0.05043,-0.36467
0.99842,0.00671,-0.05554,-0.00572,-0.09068,0.05402,-0.32157
0.99842,0.00677,-0.05554,-0.00572,-0.01407,0.03846,-0.40776
0.99842,0.00680,-0.05550,-0.00573,-0.07078,-0.00524,-0.26905
0.99842,0.00679,-0.05547,-0.00573,-0.04145,-0.06734,-0.38876
0.99842,0.00681,-0.05548,-0.00573,-0.02245,0.00419,-0.44143
0.99842,0.00681,-0.05545,-0.00573,-0.06988,-0.00554,-0.45101
0.99842,0.00678,-0.05543,-0.00572,-0.05507,-0.04310,-0.27399
0.99842,0.00675,-0.05541,-0.00572,-0.03561,-0.05686,-0.28835
0.99842,0.00671,-0.05541,-0.00571,-0.02604,-0.05626,-0.42243
0.99843,0.00665,-0.05541,-0.00570,-0.04040,-0.10295,-0.41285
0.99843,0.00666,-0.05541,-0.00570,-0.03546,0.02619,-0.28835
0.99842,0.00667,-0.05542,-0.00569,-0.02140,0.00224,-0.46073
0.99842,0.00670,-0.05544,-0.00568,-0.02664,0.00643,-0.47031
0.99842,0.00675,-0.05542,-0.00567,-0.05492,0.05806,-0.36975
0.99843,0.00677,-0.05540,-0.00566,-0.05926,-0.02379,-0.27399
0.99842,0.00678,-0.05543,-0.00566,0.03576,-0.01437,-0.34581
0.99842,0.00677,-0.05549,-0.00565,0.02978,-0.01422,-0.44143
0.99842,0.00679,-0.05552,-0.00565,-0.01377,0.02364,-0.29284
0.99842,0.00678,-0.05550,-0.00564,-0.06120,-0.01915,-0.34566
0.99842,0.00673,-0.05549,-0.00564,-0.04669,-0.04220,-0.37439
0.99842,0.00669,-0.05547,-0.00564,-0.05581,-0.03187,-0.25468
0.99842,0.00665,-0.05548,-0.00563,0.00614,-0.01182,-0.37918
0.99842,0.00666,-0.05547,-0.00562,-0.03202,-0.01661,-0.31693
0.99842,0.00670,-0.05549,-0.00562,-0.00838,0.03995,-0.39355
0.99842,0.00675,-0.05556,-0.00561,0.04773,-0.00419,-0.33594
0.99841,0.00679,-0.05561,-0.00561,-0.01062,0.00943,-0.31184
0.99841,0.00679,-0.05560,-0.00560,-0.02484,-0.02409,-0.32142
0.99842,0.00681,-0.05556,-0.00560,-0.07676,0.04250,-0.25453
0.99842,0.00685,-0.05553,-0.00560,-0.05716,0.03711,-0.34551
0.99842,0.00682,-0.05553,-0.00560,-0.00449,-0.01511,-0.36946
0.99842,0.00681,-0.05554,-0.00559,0.00494,0.02828,-0.33594
0.99842,0.00680,-0.05557,-0.00558,0.01392,-0.00509,-0.33594
0.99841,0.00680,-0.05560,-0.00558,-0.02484,-0.03382,-0.33100
0.99841,0.00678,-0.05561,-0.00557,-0.01556,-0.08604,-0.24960
0.99841,0.00683,-0.05564,-0.00557,0.00778,0.04220,-0.25917
0.99841,0.00682,-0.05567,-0.00556,-0.01182,-0.08215,-0.44098
0.99841,0.00680,-0.05570,-0.00556,0.00180,-0.04803,-0.31170
0.99841,0.00684,-0.05565,-0.00556,-0.08335,0.06120,-0.23987
0.99841,0.00682,-0.05560,-0.00556,-0.06330,-0.03906,-0.32142
0.99842,0.00679,-0.05559,-0.00556,-0.01511,-0.03846,-0.33100
0.99842,0.00668,-0.05558,-0.00554,-0.03891,-0.14171,-0.26890
0.99842,0.00663,-0.05557,-0.00554,-0.07227,-0.03053,-0.41255
0.99842,0.00666,-0.05556,-0.00553,-0.03861,0.04564,-0.43649
0.99842,0.00671,-0.05554,-0.00553,-0.06689,0.06375,-0.34072
0.99842,0.00679,-0.05558,-0.00553,0.03292,0.07183,-0.41255
0.99841,0.00683,-0.05561,-0.00553,-0.00599,0.00404,-0.26396
0.99841,0.00685,-0.05560,-0.00553,-0.07272,-0.01571,-0.32621
0.99841,0.00690,-0.05562,-0.00553,0.01766,0.02649,-0.40761
0.99841,0.00690,-0.05560,-0.00553,-0.09188,-0.01661,-0.34536
0.99842,0.00685,-0.05558,-0.00552,-0.06285,-0.07796,-0.38367
0.99842,0.00682,-0.05556,-0.00551,-0.02409,-0.00060,-0.18750
0.99842,0.00680,-0.05558,-0.00550,0.02349,-0.02409,-0.32636
0.99841,0.00684,-0.05562,-0.00550,0.00823,0.04220,-0.30227
0.99841,0.00691,-0.05563,-0.00551,-0.01586,0.05492,-0.34536
0.99841,0.00695,-0.05564,-0.00551,-0.01601,0.01107,-0.30212
0.99841,0.00693,-0.05563,-0.00550,-0.05432,-0.07931,-0.42677
0.99841,0.00692,-0.05566,-0.00550,0.01706,-0.02649,-0.34043
0.99841,0.00691,-0.05566,-0.00550,-0.06449,-0.04534,-0.37873
0.99841,0.00688,-0.05567,-0.00549,-0.03097,-0.09278,-0.40746
0.99841,0.00685,-0.05572,-0.00548,0.04459,-0.02035,-0.49829
0.99841,0.00684,-0.05575,-0.00548,-0.01362,-0.00105,-0.30197
0.99841,0.00679,-0.05573,-0.00548,-0.07048,-0.07183,-0.32112
0.99841,0.00678,-0.05570,-0.00546,-0.03172,0.05761,-0.30212
0.99841,0.00682,-0.05569,-0.00546,-0.05058,0.04729,-0.34521
0.99841,0.00682,-0.05571,-0.00546,-0.03666,-0.01496,-0.42662
0.99841,0.00682,-0.05568,-0.00545,-0.09352,-0.06764,-0.34521
0.99841,0.00683,-0.05570,-0.00545,-0.00299,-0.02948,-0.28296
0.99841,0.00683,-0.05572,-0.00544,-0.01766,-0.01511,-0.32127
0.99841,0.00679,-0.05573,-0.00543,-0.01302,-0.05252,-0.27324
0.99841,0.00674,-0.05573,-0.00542,-0.01317,-0.07078,-0.29718
0.99841,0.00674,-0.05575,-0.00542,-0.01826,0.03935,-0.36422
0.99840,0.00680,-0.05580,-0.00542,0.00958,0.07168,-0.37843
0.99840,0.00690,-0.05580,-0.00541,-0.02888,0.10819,-0.26830
0.99840,0.00687,-0.05579,-0.00541,-0.03352,-0.05417,-0.40716
0.99840,0.00682,-0.05580,-0.00540,-0.03846,-0.03876,-0.41674
0.99840,0.00679,-0.05582,-0.00539,-0.04354,-0.02858,-0.39759
0.99840,0.00681,-0.05581,-0.00539,-0.02903,-0.00045,-0.39280
0.99840,0.00682,-0.05584,-0.00538,-0.01526,-0.02933,-0.47899
0.99840,0.00684,-0.05585,-0.00537,-0.02020,-0.01047,-0.34013
0.99840,0.00686,-0.05585,-0.00537,-0.02978,0.02274,-0.31140
0.99840,0.00685,-0.05582,-0.00536,-0.06270,0.01811,-0.21563
0.99840,0.00683,-0.05582,-0.00535,-0.02918,-0.01496,-0.29703
0.99840,0.00684,-0.05585,-0.00534,0.00853,0.03741,-0.42153
0.99840,0.00683,-0.05587,-0.00534,-0.00150,-0.02948,-0.36871
0.99840,0.00683,-0.05588,-0.00533,-0.03995,-0.02933,-0.22027
0.99840,0.00686,-0.05587,-0.00533,-0.03023,0.04190,-0.35913
0.99840,0.00683,-0.05591,-0.00532,0.01691,-0.07242,-0.43574
0.99840,0.00687,-0.05587,-0.00532,-0.12121,0.05611,-0.32082
0.99840,0.00689,-0.05581,-0.00531,-0.08170,0.00299,-0.25394
0.99840,0.00692,-0.05580,-0.00530,-0.04310,-0.03097,-0.37365
0.99840,0.00695,-0.05580,-0.00529,-0.03831,0.00673,-0.44547
0.99840,0.00696,-0.05580,-0.00528,-0.01437,-0.01751,-0.39280
0.99841,0.00696,-0.05576,-0.00528,-0.08080,-0.02230,-0.34985
0.99841,0.00697,-0.05577,-0.00527,0.00045,0.05417,-0.34506
0.99840,0.00696,-0.05579,-0.00526,-0.00464,-0.01751,-0.29703
0.99841,0.00699,-0.05574,-0.00525,-0.10430,0.02020,-0.27324
0.99841,0.00703,-0.05571,-0.00525,-0.07976,0.01945,-0.32591
0.99841,0.00707,-0.05573,-0.00524,-0.00344,0.02349,-0.38337
0.99841,0.00710,-0.05568,-0.00524,-0.09352,-0.01541,-0.34028
0.99841,0.00713,-0.05569,-0.00523,-0.01227,-0.01122,-0.36422
0.99841,0.00712,-0.05567,-0.00522,-0.10774,-0.02050,-0.41225
0.99841,0.00712,-0.05565,-0.00522,-0.04519,-0.00135,-0.34521
0.99841,0.00713,-0.05565,-0.00522,-0.00195,0.01272,-0.33085
0.99841,0.00722,-0.05571,-0.00522,0.03038,0.07811,-0.40731
0.99841,0.00719,-0.05572,-0.00521,-0.04160,-0.06509,-0.31633
0.99841,0.00718,-0.05572,-0.00520,-0.03202,-0.02185,-0.49350
0.99840,0.00717,-0.05576,-0.00519,0.04848,-0.00224,-0.35928
0.99840,0.00717,-0.05580,-0.00518,-0.01930,-0.02140,-0.39280
0.99840,0.00719,-0.05585,-0.00517,0.02768,0.03546,-0.43096
0.99840,0.00717,-0.05588,-0.00517,0.00793,-0.07886,-0.34462
0.99840,0.00718,-0.05591,-0.00516,-0.00703,0.02140,-0.29673
0.99839,0.00720,-0.05595,-0.00516,0.01122,-0.06030,-0.33968
0.99839,0.00720,-0.05601,-0.00514,0.03397,-0.03636,-0.39699
0.99839,0.00718,-0.05604,-0.00513,0.00958,-0.05507,-0.33953
0.99839,0.00715,-0.05604,-0.00512,-0.02409,-0.05447,-0.37783
0.99839,0.00712,-0.05603,-0.00511,-0.04295,-0.00135,-0.37783
0.99839,0.00713,-0.05607,-0.00511,0.02334,0.00329,-0.29643
0.99839,0.00714,-0.05604,-0.00510,-0.11492,-0.01601,-0.49276
0.99839,0.00715,-0.05601,-0.00510,-0.03307,0.01257,-0.44981
0.99839,0.00719,-0.05601,-0.00509,-0.00913,0.04040,-0.31080
0.99839,0.00721,-0.05603,-0.00508,-0.00464,0.00165,-0.30122
0.99839,0.00723,-0.05605,-0.00508,-0.01930,-0.00823,-0.41614
0.99839,0.00725,-0.05602,-0.00508,-0.10505,0.00105,-0.39220
0.99839,0.00729,-0.05599,-0.00508,-0.05656,0.02888,-0.27743
0.99839,0.00731,-0.05595,-0.00507,-0.10849,-0.02424,-0.35883
0.99840,0.00726,-0.05592,-0.00507,-0.06479,-0.09981,-0.30152
0.99840,0.00723,-0.05589,-0.00507,-0.04968,-0.00823,-0.23927
0.99840,0.00728,-0.05590,-0.00507,0.02185,0.05791,-0.26800
0.99840,0.00724,-0.05590,-0.00506,-0.06434,-0.07542,-0.44038
0.99840,0.00728,-0.05586,-0.00506,-0.06823,0.05312,-0.32082
0.99840,0.00730,-0.05587,-0.00505,-0.01107,0.00000,-0.34940
0.99840,0.00731,-0.05585,-0.00504,-0.06823,-0.02394,-0.33519
0.99840,0.00731,-0.05585,-0.00504,-0.02993,-0.02409,-0.38786
0.99840,0.00731,-0.05588,-0.00504,-0.01122,-0.02409,-0.37335
0.99840,0.00729,-0.05589,-0.00504,-0.00195,-0.02843,-0.23927
0.99840,0.00726,-0.05587,-0.00503,-0.07332,-0.06150,-0.31110
0.99840,0.00723,-0.05584,-0.00502,-0.03921,-0.03217,-0.36392
0.99840,0.00717,-0.05582,-0.00501,-0.07227,-0.09801,-0.43096
0.99840,0.00711,-0.05581,-0.00500,-0.01945,-0.06330,-0.28745
0.99840,0.00706,-0.05584,-0.00500,0.01826,-0.04325,-0.33998
0.99840,0.00706,-0.05583,-0.00499,-0.05821,0.00958,-0.45969
0.99840,0.00707,-0.05585,-0.00497,-0.01062,-0.04325,-0.36871
0.99840,0.00709,-0.05584,-0.00497,-0.03935,0.01377,-0.29688
0.99840,0.00708,-0.05583,-0.00496,-0.05342,-0.02439,-0.29209
0.99840,0.00713,-0.05580,-0.00496,-0.07198,0.03217,-0.34013
0.99840,0.00714,-0.05579,-0.00495,-0.00479,-0.02065,-0.27309
0.99841,0.00710,-0.05575,-0.00494,-0.08051,-0.05342,-0.33070
0.99841,0.00705,-0.05577,-0.00493,0.02918,-0.05237,-0.44068
0.99841,0.00702,-0.05575,-0.00493,-0.06629,-0.02783,-0.29239
0.99841,0.00703,-0.05574,-0.00492,-0.04220,0.02454,-0.42647
0.99841,0.00704,-0.05570,-0.00491,-0.09397,0.01003,-0.17747
0.99841,0.00706,-0.05567,-0.00491,-0.04085,0.00973,-0.25423
0.99841,0.00702,-0.05568,-0.00491,-0.05522,-0.13318,-0.41704
0.99841,0.00703,-0.05566,-0.00491,-0.06913,0.01032,-0.30212
0.99841,0.00705,-0.05567,-0.00491,0.01197,0.01003,-0.39310
0.99841,0.00702,-0.05566,-0.00490,-0.04055,-0.07572,-0.38831
0.99841,0.00705,-0.05566,-0.00490,-0.06913,0.06734,-0.35958
0.99841,0.00708,-0.05563,-0.00490,-0.06375,0.00449,-0.30691
0.99842,0.00707,-0.05558,-0.00489,-0.09637,-0.08140,-0.33100
0.99842,0.00706,-0.05558,-0.00489,-0.03906,-0.00464,-0.41240
0.99842,0.00710,-0.05554,-0.00488,-0.11971,0.02334,-0.35030
0.99842,0.00709,-0.05558,-0.00488,0.06644,-0.02439,-0.46986
0.99842,0.00707,-0.05557,-0.00488,-0.05327,0.00000,-0.22565
0.99842,0.00705,-0.05559,-0.00488,0.00868,-0.02828,-0.28790
0.99841,0.00706,-0.05564,-0.00487,0.05567,0.04803,-0.25423
0.99841,0.00711,-0.05568,-0.00487,0.00224,0.01362,-0.36916
0.99841,0.00720,-0.05573,-0.00486,0.03457,0.09801,-0.31633
0.99841,0.00722,-0.05575,-0.00485,-0.02798,-0.00778,-0.40716
0.99841,0.00722,-0.05576,-0.00484,-0.03292,-0.00299,-0.08634
0.99841,0.00722,-0.05572,-0.00484,-0.05133,0.00658,-0.30197
0.99841,0.00722,-0.05572,-0.00484,0.01571,0.00658,-0.31155
0.99841,0.00722,-0.05574,-0.00484,-0.04684,-0.04130,-0.43111
0.99841,0.00716,-0.05574,-0.00483,-0.03726,-0.10699,-0.40253
0.99841,0.00713,-0.05568,-0.00482,-0.09831,-0.01541,-0.26860
0.99841,0.00715,-0.05568,-0.00481,0.01661,0.01766,-0.32112
0.99841,0.00721,-0.05562,-0.00481,-0.12121,0.04519,-0.39310
0.99841,0.00719,-0.05566,-0.00480,0.05043,-0.05971,-0.28775
0.99842,0.00715,-0.05558,-0.00479,-0.16340,-0.04459,-0.20650
0.99842,0.00714,-0.05554,-0.00479,-0.06704,0.05626,-0.18735
0.99842,0.00722,-0.05555,-0.00478,-0.02888,0.07856,-0.33579
0.99842,0.00733,-0.05555,-0.00476,-0.03831,0.05252,-0.35973
0.99842,0.00732,-0.05557,-0.00476,0.02349,-0.01930,-0.33100
0.99842,0.00727,-0.05557,-0.00475,-0.05312,-0.00868,-0.29269
0.99842,0.00720,-0.05560,-0.00475,0.06120,-0.09831,-0.26875
0.99841,0.00722,-0.05561,-0.00475,0.02260,0.01631,-0.38831