0.99834,0.00674,-0.05648,-0.00941,-0.026886674,0.030014239,0.185067359 
0.99834,0.00678,-0.05646,-0.00942,-0.139866674,0.077154239,0.117877359 
0.99834,0.00669,-0.05636,-0.0094,0.018303326,-0.136535761,0.117727359 
0.99834,0.00668,-0.05636,-0.00939,0.032513326,-0.045255761,-0.021132641 
0.99834,0.00676,-0.05637,-0.00939,0.032213326,0.048864239,-0.294072641 
0.99834,0.00679,-0.05638,-0.00939,0.117063326,0.019544239,-0.078592641 
0.99834,0.00672,-0.05645,-0.00938,-0.011926674,0.015944239,-0.025772641 
0.99834,0.00671,-0.05643,-0.00936,0.007223326,0.016394239,0.117877359 
0.99834,0.00671,-0.05644,-0.00935,0.025633326,-0.046005761,-0.078442641 
0.99834,0.00668,-0.05647,-0.00933,-0.008336674,-0.093285761,-0.006622641 
0.99834,0.00674,-0.0565,-0.00933,-0.007886674,0.034804239,0.041417359 
0.99834,0.00682,-0.05647,-0.00933,0.006483326,0.014154239,-0.020832641 
0.99834,0.00678,-0.05647,-0.00932,-0.050686674,-0.085505761,-0.083232641 
0.99834,0.00672,-0.05646,-0.00932,-0.007586674,0.020884239,0.007747359 
0.99834,0.00669,-0.05646,-0.00932,0.016053326,0.021484239,0.002957359 
0.99834,0.00666,-0.05647,-0.00931,0.044183326,-0.040165761,0.218437359 
0.99834,0.00669,-0.0565,-0.00931,-0.018356674,0.007124239,-0.025622641 
0.99834,0.00672,-0.05652,-0.00931,-0.042006674,0.054404239,-0.083082641 
0.99834,0.00671,-0.0565,-0.0093,0.005883326,-0.036275761,-0.054352641 
0.99834,0.00668,-0.0565,-0.0093,0.019943326,-0.002305761,0.007897359 
0.99834,0.00669,-0.05652,-0.00929,0.024433326,-0.002455761,-0.030412641 
0.99834,0.0067,-0.05653,-0.00928,0.023983326,-0.002605761,0.046207359 
0.99833,0.00674,-0.05655,-0.00929,0.042843326,0.044534239,0.003257359 
0.99833,0.0068,-0.05657,-0.0093,-0.090186674,0.052764239,-0.035052641 
0.99833,0.00683,-0.05652,-0.00929,-0.008336674,0.023434239,-0.126182641 
0.99834,0.00679,-0.05649,-0.00929,-0.055616674,-0.009185761,-0.001682641 
0.99834,0.00672,-0.05647,-0.00928,-0.021506674,0.011314239,-0.025772641 
0.99834,0.00669,-0.05643,-0.00929,0.007373326,-0.007245761,0.017327359 
0.99834,0.00672,-0.05643,-0.00928,-0.016866674,-0.002905761,-0.006622641 
0.99834,0.00678,-0.05644,-0.00928,-0.016716674,0.019694239,0.041267359 
0.99834,0.00679,-0.05644,-0.00928,-0.030926674,-0.037925761,0.022107359 
0.99834,0.00674,-0.05643,-0.00927,0.059903326,-0.094335761,-0.035352641 
0.99834,0.0067,-0.05644,-0.00926,-0.007136674,-0.064855761,0.031687359 
0.99834,0.00671,-0.05644,-0.00926,-0.035416674,0.006974239,0.065207359 
0.99834,0.00667,-0.05641,-0.00926,-0.077166674,-0.078625761,-0.021132641 
0.99835,0.00662,-0.05634,-0.00925,0.042393326,-0.024905761,0.093637359 
0.99835,0.00656,-0.05635,-0.00925,0.017853326,-0.076375761,-0.073952641 
0.99835,0.00649,-0.05638,-0.00924,0.046283326,-0.041515761,-0.040282641 
0.99834,0.00645,-0.0564,-0.00924,-0.030186674,-0.031185761,-0.035502641 
0.99835,0.00643,-0.05638,-0.00924,-0.015366674,-0.025945761,0.041117359 
0.99835,0.0064,-0.05636,-0.00923,-0.071926674,-0.054085761,0.112787359 
0.99835,0.00646,-0.05632,-0.00923,-0.051876674,0.059644239,0.026597359 
0.99835,0.00651,-0.05627,-0.00923,0.005433326,0.025224239,-0.102832641 
0.99835,0.00657,-0.05628,-0.00923,0.024283326,0.033454239,-0.021432641 
0.99835,0.00659,-0.0563,-0.00922,-0.014166674,-0.004995761,0.036177359 
0.99835,0.00655,-0.0563,-0.00922,-0.018656674,-0.033135761,-0.184092641 
0.99835,0.00654,-0.05629,-0.00922,-0.032426674,0.048574239,-0.031012641 
0.99835,0.00647,-0.05625,-0.00921,-0.046046674,-0.065005761,0.045607359 
0.99836,0.00643,-0.05622,-0.0092,-0.007586674,-0.044955761,0.064607359 
0.99836,0.00641,-0.05621,-0.00919,-0.040656674,-0.034925761,-0.136502641 
0.99836,0.00644,-0.05619,-0.00919,0.059303326,0.031364239,-0.079042641 
0.99836,0.00648,-0.05622,-0.00918,0.053913326,0.016244239,0.083757359 
0.99835,0.00649,-0.05625,-0.00918,0.053163326,0.001734239,0.064757359 
0.99835,0.00651,-0.05628,-0.00917,0.038353326,0.006074239,0.026447359 
0.99835,0.00654,-0.05631,-0.00917,0.033113326,0.038994239,0.012237359 
0.99835,0.00656,-0.05634,-0.00917,0.075163326,0.009964239,0.069697359 
0.99835,0.00658,-0.05639,-0.00917,0.007373326,0.066974239,0.021957359 
0.99834,0.00659,-0.05643,-0.00917,-0.049936674,0.018944239,-0.092812641 
0.99834,0.00655,-0.05642,-0.00917,0.026533326,-0.018615761,-0.136052641 
0.99834,0.00648,-0.05642,-0.00916,-0.045446674,-0.074735761,0.012387359 
0.99834,0.00647,-0.05643,-0.00915,-0.106496674,0.002034239,-0.126482641 
0.99835,0.0065,-0.05637,-0.00915,0.018003326,-0.007995761,-0.073952641 
0.99835,0.00654,-0.05637,-0.00915,-0.063106674,0.000684239,0.031537359 
0.99835,0.00656,-0.05636,-0.00914,0.042093326,-0.038065761,-0.160142641 
0.99835,0.00655,-0.05636,-0.00914,0.036703326,-0.023405761,0.093637359 
0.99835,0.00654,-0.05639,-0.00913,0.017403326,0.024624239,-0.016342641 
0.99834,0.00655,-0.0564,-0.00912,0.026083326,0.048574239,0.017177359 
0.99834,0.00651,-0.05645,-0.00913,-0.045446674,-0.022655761,-0.068872641 
0.99834,0.00647,-0.05643,-0.00912,-0.016266674,-0.040915761,-0.021132641 
0.99835,0.00642,-0.05641,-0.00912,-0.015966674,-0.030435761,0.021957359 
0.99835,0.00637,-0.05639,-0.00911,0.022193326,-0.043905761,0.074637359 
0.99835,0.00635,-0.0564,-0.00911,-0.101406674,0.014004239,-0.102532641 
0.99835,0.00639,-0.05635,-0.0091,-0.014916674,0.022984239,0.055327359 
0.99835,0.00635,-0.05634,-0.0091,0.046883326,-0.057675761,-0.054802641 
0.99835,0.0063,-0.05636,-0.00909,0.051073326,-0.056925761,0.017027359 
0.99835,0.00635,-0.05639,-0.00908,-0.010876674,0.076254239,-0.025922641 
0.99835,0.00638,-0.05637,-0.00908,-0.015216674,0.022984239,-0.016492641 
0.99835,0.00637,-0.05635,-0.00908,-0.043196674,-0.000665761,0.136737359 
0.99835,0.00635,-0.05632,-0.00908,-0.028086674,0.033154239,0.021667359 
0.99835,0.00635,-0.05627,-0.00908,-0.069836674,0.033154239,0.232347359 
0.99836,0.00637,-0.05621,-0.00908,-0.002496674,0.023284239,-0.059892641 
0.99836,0.00641,-0.05619,-0.00908,0.011713326,0.003374239,0.011937359 
0.99836,0.00642,-0.0562,-0.00908,0.016653326,-0.011135761,-0.079042641 
0.99836,0.00648,-0.05619,-0.00908,-0.011776674,0.088224239,0.045457359 
0.99836,0.00649,-0.05618,-0.00907,-0.049636674,-0.003055761,0.131647359 
0.99836,0.0065,-0.05615,-0.00907,0.045833326,0.001584239,-0.050462641 
0.99836,0.00654,-0.05617,-0.00907,-0.002046674,0.010414239,-0.026372641 
0.99836,0.00652,-0.05617,-0.00906,0.012313326,-0.013225761,-0.026372641 
0.99836,0.00652,-0.05617,-0.00906,0.021893326,0.001284239,0.031087359 
0.99836,0.00652,-0.05617,-0.00906,0.125893326,0.034654239,-0.040732641 
0.99835,0.00653,-0.05624,-0.00905,-0.004146674,0.029714239,0.040817359 
0.99835,0.00657,-0.05628,-0.00905,0.128583326,0.033754239,-0.093262641 
0.99835,0.0066,-0.05634,-0.00904,-0.020156674,-0.000365761,0.012237359 
0.99835,0.00662,-0.05636,-0.00904,0.027573326,-0.000805761,0.045907359 
0.99835,0.00668,-0.05637,-0.00904,-0.010726674,0.036444239,-0.035502641 
0.99835,0.0067,-0.05637,-0.00903,0.074563326,-0.007095761,0.026747359 
0.99834,0.00669,-0.05642,-0.00902,0.021593326,-0.006945761,-0.001832641 
0.99834,0.00668,-0.05643,-0.00902,0.035213326,-0.021015761,0.069997359 
0.99834,0.00667,-0.05647,-0.00902,0.015903326,0.002934239,-0.107172641 
0.99834,0.00664,-0.05647,-0.00901,-0.031526674,-0.072935761,-0.040142641 
0.99834,0.00661,-0.05645,-0.00901,0.054063326,-0.000665761,0.084357359 
0.99834,0.00658,-0.05648,-0.009,-0.017616674,-0.028645761,0.055627359 
0.99834,0.00654,-0.05648,-0.009,-0.012826674,-0.061415761,-0.135902641 
0.99834,0.00656,-0.05648,-0.00901,-0.027336674,0.014754239,-0.068872641 
0.99834,0.00658,-0.05648,-0.009,-0.021956674,-0.023855761,-0.044922641 
0.99834,0.0066,-0.05646,-0.009,-0.036316674,-0.000215761,-0.135902641 
0.99834,0.00659,-0.05645,-0.00899,0.016203326,-0.033735761,0.007747359 
0.99834,0.00659,-0.05646,-0.00898,0.015753326,-0.009635761,0.074787359 
0.99834,0.00656,-0.05648,-0.00898,-0.022696674,-0.033135761,0.046057359 
0.99834,0.00655,-0.05649,-0.00897,-0.017766674,-0.008895761,-0.035352641 
0.99834,0.00653,-0.05648,-0.00896,0.029823326,-0.056325761,-0.135902641 
0.99834,0.00651,-0.0565,-0.00896,-0.032576674,0.006224239,-0.169422641 
0.99834,0.00651,-0.0565,-0.00896,0.029073326,0.001434239,-0.049562641 
0.99834,0.00643,-0.05653,-0.00895,-0.013726674,-0.097475761,-0.054352641 
0.99834,0.00644,-0.05652,-0.00893,-0.037366674,0.022084239,0.012687359 
0.99834,0.00644,-0.05651,-0.00894,0.048223326,-0.035525761,-0.073652641 
0.99834,0.00645,-0.05654,-0.00893,0.032813326,-0.026095761,0.084507359 
0.99834,0.00647,-0.05659,-0.00893,0.051373326,0.006974239,-0.025472641 
0.99833,0.00647,-0.05662,-0.00893,-0.081956674,0.002334239,-0.092512641 
0.99834,0.00638,-0.05658,-0.00892,0.009023326,-0.115735761,-0.016042641 
0.99834,0.00636,-0.05658,-0.00891,-0.028386674,0.033304239,0.060567359 
0.99834,0.00637,-0.05654,-0.00891,0.033863326,0.018644239,-0.087872641 
0.99834,0.00642,-0.05654,-0.0089,0.057203326,0.056054239,0.132397359 
0.99834,0.00641,-0.05657,-0.00889,-0.047986674,-0.034775761,0.084507359 
0.99834,0.00646,-0.05656,-0.00889,0.023683326,0.064734239,-0.068722641 
0.99834,0.0065,-0.05656,-0.00889,0.009323326,0.035254239,0.007897359 
0.99834,0.0065,-0.05657,-0.00889,-0.023896674,-0.007845761,-0.044772641 
0.99834,0.00652,-0.05655,-0.00888,4.33261E-05,0.015654239,0.031837359 
0.99834,0.00647,-0.05655,-0.00888,0.028773326,-0.079075761,0.074937359 
0.99834,0.00644,-0.05655,-0.00887,0.061393326,-0.016225761,0.036627359 
0.99834,0.00642,-0.05659,-0.00887,-0.020306674,-0.015925761,-0.030262641 
0.99834,0.00641,-0.05661,-0.00886,-0.000856674,-0.015625761,-0.030262641 
0.99834,0.00639,-0.05659,-0.00886,-0.019706674,0.008614239,0.027197359 
0.99834,0.00641,-0.05659,-0.00885,0.008873326,0.008314239,-0.102092641 
0.99834,0.00648,-0.05659,-0.00885,-0.057716674,0.097954239,0.051137359 
0.99834,0.00656,-0.05657,-0.00886,-0.037966674,0.062784239,0.036777359 
0.99834,0.00657,-0.05654,-0.00885,-0.041856674,-0.032985761,-0.044772641 
0.99834,0.00658,-0.05649,-0.00885,0.044033326,0.019394239,0.026897359 
0.99834,0.00661,-0.05651,-0.00884,-0.008636674,0.037944239,0.022257359 
0.99834,0.00663,-0.05651,-0.00884,-0.056066674,0.023284239,-0.126182641 
0.99834,0.00662,-0.05648,-0.00884,-0.022396674,-0.024455761,-0.064082641 
0.99834,0.00657,-0.05648,-0.00883,-0.031676674,-0.037775761,-0.001832641 
0.99834,0.00657,-0.05646,-0.00882,0.021293326,0.010114239,-0.030562641 
0.99835,0.00658,-0.05645,-0.00882,-0.073876674,0.028964239,0.089147359 
0.99835,0.00659,-0.05641,-0.00882,0.022193326,0.000234239,0.050687359 
0.99835,0.00658,-0.0564,-0.00882,-0.006536674,-0.042705761,-0.097752641 
0.99835,0.00657,-0.0564,-0.0088,-0.034966674,-0.028195761,0.132097359 
0.99835,0.00658,-0.05638,-0.00881,-0.034376674,0.019394239,0.036327359 
0.99835,0.00658,-0.05636,-0.0088,0.027423326,0.009814239,-0.112262641 
0.99835,0.00654,-0.05638,-0.00879,0.017403326,-0.018165761,-0.145632641 
0.99835,0.00655,-0.0564,-0.00879,0.054963326,0.039144239,-0.054652641 
0.99835,0.00655,-0.05643,-0.00878,0.068433326,-0.013375761,-0.035352641 
0.99834,0.00654,-0.05648,-0.00878,0.067383326,-0.008445761,-0.016192641 
0.99834,0.00652,-0.05654,-0.00876,-0.009236674,-0.012935761,0.079717359 
0.99834,0.00652,-0.05654,-0.00875,0.071123326,-0.012785761,-0.111812641 
0.99834,0.00656,-0.05659,-0.00874,0.074713326,0.063084239,-0.001532641 
0.99833,0.00658,-0.05665,-0.00873,0.064093326,-0.018765761,0.003407359 
0.99833,0.00659,-0.0567,-0.00872,-0.002946674,0.028964239,-0.034752641 
0.99833,0.00663,-0.0567,-0.00872,0.072913326,0.052164239,0.032287359 
0.99833,0.00666,-0.05674,-0.00871,0.010223326,0.027474239,-0.101792641 
0.99833,0.00666,-0.05677,-0.00871,0.042993326,0.008314239,-0.116002641 
0.99833,0.00663,-0.05681,-0.00871,0.004383326,-0.029395761,-0.072912641 
0.99832,0.00661,-0.05682,-0.0087,0.047183326,-0.000215761,-0.092062641 
0.99832,0.00663,-0.05684,-0.0087,0.017703326,0.056804239,0.018217359 
0.99832,0.00662,-0.05687,-0.00868,0.041193326,-0.033875761,-0.106282641 
0.99832,0.00658,-0.0569,-0.00868,-0.039456674,-0.057075761,0.056527359 
0.99832,0.00652,-0.05686,-0.00868,-0.048436674,-0.098975761,0.123567359 
0.99832,0.00658,-0.05683,-0.00867,0.004683326,0.105734239,0.075527359 
0.99833,0.00661,-0.05681,-0.00867,-0.019106674,-0.014575761,0.003707359 
0.99833,0.00663,-0.05679,-0.00867,-0.089886674,0.009064239,-0.020232641 
0.99833,0.00659,-0.05674,-0.00866,-0.027636674,-0.023705761,-0.092212641 
0.99833,0.00657,-0.05675,-0.00866,0.034463326,0.005324239,-0.034752641 
0.99833,0.00652,-0.05675,-0.00865,-0.013276674,-0.060815761,0.075387359 
0.99833,0.00657,-0.05674,-0.00865,0.015003326,0.101094239,0.089747359 
0.99833,0.00666,-0.05676,-0.00864,0.000493326,0.084934239,-0.053752641 
0.99833,0.00669,-0.05677,-0.00864,-0.046196674,0.003084239,0.113837359 
0.99833,0.00669,-0.05671,-0.00863,-0.045746674,-0.025645761,0.084957359 
0.99833,0.00673,-0.05669,-0.00863,0.115863326,0.055004239,0.017917359 
0.99833,0.00679,-0.05675,-0.00863,0.071573326,0.053654239,0.037227359 
0.99832,0.00686,-0.05681,-0.00863,-0.047536674,0.042734239,0.094837359 
0.99833,0.00686,-0.05679,-0.00861,0.033863326,-0.038515761,-0.029812641 
0.99833,0.00688,-0.05678,-0.00862,-0.046946674,0.056804239,0.080317359 
0.99833,0.00685,-0.05675,-0.00861,0.000943326,-0.024005761,0.109047359 
0.99833,0.00679,-0.05675,-0.0086,0.038953326,-0.027595761,0.032437359 
0.99833,0.00676,-0.05677,-0.00859,-0.027786674,-0.046155761,0.022857359 
0.99833,0.00673,-0.05675,-0.00858,0.015153326,-0.074285761,0.118627359 
0.99833,0.00676,-0.05676,-0.00858,0.062443326,0.020884239,-0.101642641 
0.99833,0.0068,-0.05679,-0.00857,0.023533326,0.000984239,-0.025022641 
0.99832,0.00682,-0.05682,-0.00857,0.046883326,0.024624239,-0.000932641 
0.99832,0.00682,-0.05685,-0.00856,-0.043646674,0.005324239,-0.063182641 
0.99832,0.00675,-0.05683,-0.00855,0.004533326,-0.079515761,0.042167359 
0.99833,0.00674,-0.05681,-0.00854,0.023093326,0.002184239,-0.005722641 
0.99832,0.00675,-0.05684,-0.00853,-0.053226674,-0.002755761,-0.015302641 
0.99832,0.00674,-0.05683,-0.00852,-0.000556674,-0.045705761,-0.163742641 
0.99833,0.00668,-0.05683,-0.00851,-0.038416674,-0.087595761,-0.000932641 
0.99833,0.00667,-0.0568,-0.00851,-0.089436674,-0.005895761,0.147357359 
0.99833,0.00669,-0.05672,-0.0085,0.011113326,0.022384239,0.094537359 
0.99833,0.0067,-0.05672,-0.00849,0.015753326,-0.006495761,-0.006022641 
0.99833,0.00671,-0.05673,-0.00849,-0.022396674,0.026724239,-0.197552641 
0.99833,0.00675,-0.05672,-0.0085,-0.041106674,0.045274239,-0.006022641 
0.99833,0.00674,-0.05669,-0.00848,-0.016866674,-0.026545761,-0.020382641 
0.99833,0.00677,-0.05668,-0.00848,-0.054726674,0.049464239,-0.044332641 
0.99833,0.00675,-0.05666,-0.00846,-0.030186674,-0.007545761,0.008197359 
0.99834,0.00674,-0.05663,-0.00845,0.008123326,0.011904239,0.170997359 
0.99834,0.00675,-0.05663,-0.00845,0.060053326,0.035704239,-0.092362641 
0.99833,0.00678,-0.05667,-0.00845,0.021143326,0.011164239,0.036927359 
0.99833,0.00683,-0.0567,-0.00845,0.020993326,0.053054239,-0.044332641 
0.99833,0.00685,-0.05671,-0.00845,-0.064746674,0.024174239,0.070597359 
0.99833,0.00678,-0.05668,-0.00844,0.030873326,-0.118125761,-0.063482641 
0.99833,0.00669,-0.05669,-0.00843,-0.054576674,-0.068445761,0.037077359 
0.99834,0.00668,-0.05665,-0.00842,0.026983326,-0.034775761,0.027347359 
0.99834,0.00669,-0.05664,-0.00841,0.016653326,0.003374239,-0.073212641 
0.99833,0.00669,-0.05668,-0.00841,0.002443326,-0.006345761,-0.015742641 
0.99834,0.00667,-0.05668,-0.00841,0.025783326,-0.029695761,0.022557359 
0.99833,0.0067,-0.0567,-0.0084,-0.012526674,0.070114239,-0.164042641 
0.99833,0.00671,-0.05671,-0.00839,0.006483326,0.007714239,0.061017359 
0.99833,0.00674,-0.05671,-0.00839,-0.036316674,0.007274239,-0.068272641 
0.99833,0.00672,-0.05669,-0.00837,-0.035716674,-0.016375761,0.022707359 
0.99834,0.00676,-0.05667,-0.00837,-0.053976674,0.025824239,0.017767359 
0.99834,0.00682,-0.05662,-0.00836,0.027423326,0.043934239,-0.049262641 
0.99834,0.00683,-0.05662,-0.00835,-0.015666674,-0.013675761,0.075237359 
0.99834,0.00679,-0.05662,-0.00835,0.003483326,-0.032085761,0.012987359 
0.99834,0.00677,-0.05662,-0.00835,0.003483326,0.021034239,-0.125882641 
0.99834,0.00681,-0.05662,-0.00835,-0.043646674,0.053654239,0.003407359 
0.99834,0.00682,-0.05658,-0.00834,0.009323326,-0.018165761,0.022407359 
0.99834,0.00682,-0.05656,-0.00834,-0.000106674,-0.013375761,0.065507359 
0.99834,0.00681,-0.05655,-0.00833,-0.037966674,0.010714239,0.132547359 
0.99834,0.00679,-0.05654,-0.00832,0.071423326,-0.012785761,0.022257359 
0.99834,0.0068,-0.05657,-0.00832,0.004083326,-0.003505761,0.070297359 
0.99834,0.00685,-0.05659,-0.00832,-0.019706674,0.014754239,-0.039842641 
0.99834,0.00687,-0.05658,-0.00832,0.023243326,-0.004855761,0.060717359 
0.99834,0.00685,-0.05659,-0.00832,0.042093326,-0.028495761,0.051137359 
0.99834,0.00686,-0.05661,-0.00832,0.046283326,0.028964239,-0.030112641 
0.99834,0.00683,-0.05664,-0.00832,0.007673326,-0.023105761,-0.039692641 
0.99834,0.00684,-0.05665,-0.00831,-0.016416674,0.062634239,-0.073212641 
0.99834,0.0069,-0.05666,-0.00832,0.031173326,0.056804239,-0.006172641 
0.99833,0.00691,-0.05667,-0.00831,0.030723326,0.003824239,0.056227359 
0.99833,0.00693,-0.05669,-0.0083,0.016353326,0.003374239,-0.025172641 
0.99833,0.00689,-0.0567,-0.0083,0.025483326,-0.077125761,0.075387359 
0.99833,0.00683,-0.05672,-0.00828,0.053313326,-0.051985761,-0.039542641 
0.99833,0.00679,-0.05677,-0.00827,0.014413326,-0.041665761,-0.058542641 
0.99833,0.00675,-0.05679,-0.00827,0.023983326,-0.045705761,0.032437359 
0.99833,0.00677,-0.05679,-0.00826,-0.014316674,0.006824239,-0.034602641 
0.99833,0.00679,-0.0568,-0.00826,0.018753326,0.044674239,-0.001082641 
0.99833,0.00676,-0.05682,-0.00825,0.075313326,-0.040915761,0.023007359 
0.99833,0.00673,-0.05687,-0.00824,0.046133326,-0.011735761,0.023007359 
0.99832,0.00669,-0.05689,-0.00824,-0.049336674,-0.034775761,0.056677359 
0.99833,0.00665,-0.05687,-0.00823,0.008573326,-0.024605761,0.133147359 
0.99833,0.00666,-0.05685,-0.00822,-0.048286674,0.013704239,0.013437359 
0.99833,0.00666,-0.05682,-0.00822,-0.047386674,-0.010385761,0.032437359 
0.99833,0.00667,-0.05677,-0.00821,0.019643326,0.027774239,0.003707359 
0.99833,0.00669,-0.05677,-0.00821,-0.018656674,0.003524239,0.046797359 
0.99833,0.00669,-0.05677,-0.0082,0.000343326,0.003524239,0.056377359 
0.99833,0.00672,-0.05678,-0.0082,-0.018506674,0.027024239,-0.101642641 
0.99833,0.00673,-0.05676,-0.0082,-0.089286674,0.026574239,-0.068122641 
0.99833,0.00672,-0.05671,-0.00819,0.016203326,-0.035375761,0.008347359 
0.99834,0.00671,-0.0567,-0.00818,-0.064146674,-0.030285761,-0.073062641 
0.99834,0.0067,-0.05665,-0.00818,0.059753326,0.008014239,-0.054052641 
0.99834,0.00671,-0.05668,-0.00817,-0.002496674,0.003234239,-0.097152641 
0.99834,0.00672,-0.05668,-0.00817,0.021443326,0.007714239,-0.054052641 
0.99834,0.00675,-0.05668,-0.00815,0.026083326,0.031064239,0.036927359 
0.99834,0.00682,-0.05669,-0.00815,-0.036016674,0.096904239,0.013137359 
0.99834,0.00685,-0.05668,-0.00815,0.068283326,0.005174239,-0.025172641 
0.99833,0.00683,-0.05674,-0.00815,-0.013126674,-0.032685761,-0.029812641 
0.99833,0.00685,-0.05674,-0.00815,-0.003396674,0.029264239,-0.068122641 
0.99833,0.00685,-0.05673,-0.00814,0.039253326,0.005324239,0.003557359 
0.99833,0.00685,-0.05675,-0.00814,0.100303326,0.019694239,0.027647359 
0.99833,0.00687,-0.05681,-0.00814,-0.052626674,0.067124239,0.046947359 
0.99833,0.00685,-0.0568,-0.00813,0.051973326,-0.037925761,-0.025022641 
0.99833,0.00688,-0.05683,-0.00813,-0.081356674,0.043034239,0.042167359 
0.99833,0.00694,-0.05679,-0.00812,0.005283326,0.041834239,-0.067972641 
0.99833,0.00693,-0.05677,-0.00812,-0.042006674,-0.020115761,-0.005872641 
0.99833,0.0069,-0.05674,-0.00811,-0.027336674,-0.005295761,0.065957359 
0.99833,0.00686,-0.05672,-0.00811,0.025183326,-0.004405761,0.089747359 
0.99833,0.00684,-0.05673,-0.00809,-0.017466674,-0.013525761,0.046647359 
0.99833,0.00687,-0.05671,-0.00808,-0.040506674,0.047974239,0.037077359 
0.99834,0.00696,-0.05666,-0.00808,0.003183326,0.103634239,0.195097359 
0.99834,0.00693,-0.05664,-0.00808,-0.015516674,-0.101515761,0.027347359 
0.99834,0.00691,-0.05661,-0.00808,0.079203326,0.028074239,-0.001382641 
0.99834,0.00689,-0.05667,-0.00808,-0.049636674,-0.033735761,-0.154462641 
0.99834,0.00685,-0.05664,-0.00807,0.012463326,-0.042555761,0.022557359 
0.99834,0.00686,-0.05665,-0.00807,0.031173326,0.000384239,0.027347359 
0.99834,0.00685,-0.05667,-0.00806,-0.030926674,-0.052135761,-0.068272641 
0.99834,0.00686,-0.05667,-0.00806,0.050173326,0.005024239,-0.006022641 
0.99834,0.00688,-0.05668,-0.00805,-0.031226674,0.004874239,0.089747359 
0.99834,0.00686,-0.05668,-0.00805,0.049723326,0.005174239,0.104117359 
0.99834,0.0068,-0.0567,-0.00804,0.025483326,-0.060815761,0.089747359 
0.99834,0.00679,-0.05672,-0.00803,-0.064746674,0.035404239,0.094537359 
0.99834,0.00678,-0.05668,-0.00803,-0.078066674,-0.017275761,0.080167359 
0.99834,0.00678,-0.05662,-0.00802,-0.048436674,-0.026695761,-0.082782641 
0.99834,0.0068,-0.05658,-0.00802,-0.019106674,-0.003205761,-0.030262641 
0.99834,0.0068,-0.05654,-0.00801,-0.019106674,-0.007845761,0.022407359 
0.99834,0.0068,-0.05655,-0.00799,0.004983326,0.001584239,-0.006322641 
0.99834,0.00683,-0.05654,-0.00798,0.033113326,0.044234239,-0.025472641 
0.99834,0.00687,-0.05657,-0.00797,-0.033326674,0.043334239,-0.049412641 
0.99835,0.00686,-0.05654,-0.00795,0.000343326,-0.047345761,0.084657359 
0.99835,0.00681,-0.05653,-0.00795,0.057503326,-0.075035761,0.012687359 
0.99835,0.00674,-0.05655,-0.00794,0.028473326,-0.049895761,-0.020682641 
0.99835,0.00664,-0.05656,-0.00792,-0.132836674,-0.110045761,0.012837359 
0.99835,0.00662,-0.05649,-0.00791,-0.097966674,-0.009045761,0.002957359 
0.99835,0.00658,-0.05642,-0.00791,-0.006386674,-0.113635761,-0.073802641 
0.99836,0.00661,-0.05638,-0.00791,0.055113326,0.058294239,0.041117359 
0.99835,0.00662,-0.05642,-0.0079,0.030423326,0.019694239,0.026897359 
0.99835,0.00658,-0.05646,-0.0079,0.062893326,-0.075325761,0.031687359 
0.99835,0.00657,-0.05652,-0.00789,-0.018356674,0.039744239,-0.035202641 
0.99835,0.00657,-0.05651,-0.00789,0.005283326,-0.007995761,0.027047359 
0.99835,0.00656,-0.05652,-0.00787,0.029073326,-0.007845761,-0.035202641 
0.99835,0.00654,-0.05653,-0.00786,-0.089586674,-0.036125761,0.017477359 
0.99835,0.00652,-0.05648,-0.00785,0.029823326,-0.031035761,-0.097602641 
0.99835,0.00652,-0.05649,-0.00784,-0.031826674,0.031364239,-0.030562641 
0.99835,0.0065,-0.05646,-0.00784,-0.035866674,-0.054525761,0.079567359 
0.99836,0.0065,-0.05643,-0.00784,-0.044846674,0.007714239,-0.045072641 
0.99836,0.00649,-0.05639,-0.00783,0.007823326,-0.063805761,-0.112112641 
0.99836,0.00646,-0.05639,-0.00783,-0.034526674,-0.001105761,-0.064232641 
0.99836,0.00647,-0.05635,-0.00782,-0.010576674,0.018044239,0.112787359 
0.99836,0.00647,-0.05635,-0.0078,-0.029136674,0.013104239,0.045757359 
0.99836,0.00644,-0.05632,-0.00779,0.061393326,-0.043755761,-0.030862641 
0.99836,0.00642,-0.05635,-0.00778,0.013363326,-0.000215761,0.069697359 
0.99836,0.0065,-0.05635,-0.00778,-0.015366674,0.089124239,0.031387359 
0.99836,0.00652,-0.05635,-0.00777,0.004083326,-0.002305761,-0.016492641 
0.99836,0.00655,-0.05633,-0.00777,0.013513326,0.049914239,0.031387359 
0.99836,0.00655,-0.05634,-0.00776,0.074863326,-0.021755761,-0.150572641 
0.99836,0.00651,-0.05639,-0.00776,-0.016116674,-0.030735761,0.007597359 
0.99836,0.00651,-0.05639,-0.00774,-0.011026674,-0.011435761,0.069847359 
0.99836,0.00654,-0.05638,-0.00774,-0.043946674,0.055004239,0.041117359 
0.99836,0.00657,-0.05635,-0.00774,-0.048136674,0.015944239,-0.016492641 
0.99836,0.0066,-0.05632,-0.00774,-0.042756674,0.048864239,-0.045222641 
0.99836,0.00659,-0.05628,-0.00774,-0.032126674,-0.032235761,0.007297359 
0.99837,0.00656,-0.05623,-0.00772,-0.017616674,-0.026695761,0.040817359 
0.99837,0.00655,-0.05622,-0.00771,0.010823326,-0.016975761,-0.040732641 
0.99837,0.00658,-0.05623,-0.00771,0.020393326,0.025524239,-0.021432641 
0.99837,0.0066,-0.05624,-0.0077,-0.008336674,0.005774239,0.059967359 
0.99837,0.00657,-0.05623,-0.00769,-0.027336674,-0.060515761,-0.050162641 
0.99837,0.0066,-0.05623,-0.00769,0.010673326,0.049164239,0.012087359 
0.99837,0.00658,-0.05624,-0.00768,0.005433326,-0.003205761,-0.059742641 
0.99837,0.00653,-0.05627,-0.00767,-0.008936674,-0.074135761,0.012087359 
0.99837,0.00651,-0.05626,-0.00767,0.100153326,-0.011435761,0.007297359 
0.99836,0.00651,-0.05632,-0.00766,-0.029136674,-0.006645761,-0.035652641 
0.99836,0.00653,-0.05632,-0.00766,-0.080756674,0.050364239,-0.064382641 
0.99837,0.00654,-0.05626,-0.00765,-0.036766674,0.012054239,0.059967359 
0.99837,0.00655,-0.05622,-0.00764,-0.055466674,-0.007395761,-0.007212641 
0.99837,0.00656,-0.0562,-0.00764,-0.021356674,-0.012335761,-0.059892641 
0.99837,0.00656,-0.05617,-0.00763,-0.011926674,0.006824239,-0.059892641 
0.99837,0.00662,-0.05617,-0.00763,-0.011776674,0.058444239,-0.055102641 
0.99837,0.00662,-0.05617,-0.00762,0.007223326,-0.003955761,-0.026372641 
0.99837,0.00658,-0.05618,-0.00761,-0.016566674,-0.041515761,-0.179602641 
0.99837,0.00653,-0.05617,-0.0076,0.068873326,-0.021315761,0.002357359 
0.99837,0.0065,-0.0562,-0.00759,0.006633326,-0.020715761,0.165167359 
0.99837,0.0065,-0.05621,-0.00759,-0.012376674,-0.006345761,0.059817359 
0.99837,0.00654,-0.0562,-0.00758,-0.011926674,0.040784239,0.021517359 
0.99837,0.00658,-0.05618,-0.00758,-0.002346674,0.015944239,0.078977359 
0.99837,0.00661,-0.05617,-0.00758,-0.006986674,0.034654239,-0.098192641 
0.99837,0.0066,-0.05617,-0.00757,0.012163326,-0.017865761,0.026297359 
0.99837,0.00661,-0.05617,-0.00756,0.059453326,0.015504239,0.126857359 
0.99837,0.00659,-0.0562,-0.00754,0.025333326,-0.041665761,0.055027359 
0.99837,0.00662,-0.05623,-0.00754,0.010523326,0.053504239,0.002507359 
0.99837,0.00662,-0.05625,-0.00753,-0.003696674,-0.013375761,0.079127359 
0.99837,0.00662,-0.05624,-0.00752,-0.022246674,0.015354239,0.007297359 
0.99837,0.00655,-0.05621,-0.0075,-0.054426674,-0.064705761,0.035877359 
0.99837,0.00652,-0.05614,-0.00749,0.022193326,0.003084239,0.088397359 
0.99837,0.00653,-0.05614,-0.00749,0.026683326,0.012204239,0.006997359 
0.99837,0.00651,-0.05616,-0.00748,-0.006986674,-0.054385761,0.064457359 
0.99837,0.00651,-0.05617,-0.00747,0.040743326,-0.035075761,-0.083832641 
0.99837,0.0065,-0.05617,-0.00746,0.007223326,0.013104239,0.011937359 
0.99837,0.00645,-0.05617,-0.00745,0.021443326,-0.053185761,-0.002432641 
0.99837,0.00642,-0.05618,-0.00744,-0.002346674,0.033604239,0.069397359 
0.99837,0.00647,-0.05617,-0.00743,-0.002196674,0.075804239,0.074187359 
0.99837,0.00648,-0.05616,-0.00743,-0.025546674,0.008464239,0.107557359 
0.99837,0.00648,-0.05613,-0.00742,-0.005786674,-0.020115761,0.188957359 
0.99838,0.00649,-0.0561,-0.00741,0.008573326,0.013254239,-0.060042641 
0.99838,0.00654,-0.05611,-0.00741,0.013363326,0.055304239,0.064457359 
0.99838,0.00657,-0.05611,-0.0074,-0.034526674,0.035704239,-0.050462641 
0.99838,0.00656,-0.05611,-0.00738,0.013063326,-0.035975761,-0.040882641 
0.99838,0.00652,-0.05612,-0.00738,-0.048736674,-0.030435761,-0.045672641 
0.99838,0.00661,-0.0561,-0.00738,0.032213326,0.154664239,-0.112712641 
0.99838,0.00658,-0.05612,-0.00738,0.036553326,-0.079365761,0.093187359 
0.99837,0.00656,-0.05614,-0.00738,-0.015816674,0.035704239,-0.007362641 
0.99837,0.00653,-0.05613,-0.00738,-0.110236674,-0.035375761,0.054877359 
0.99838,0.00652,-0.05606,-0.00737,-0.061306674,0.036444239,0.054737359 
0.99838,0.00659,-0.05601,-0.00737,-0.046046674,0.102144239,0.040217359 
0.99838,0.00658,-0.05596,-0.00737,0.044483326,-0.046005761,0.092887359 
0.99838,0.00661,-0.05598,-0.00737,0.020243326,0.015794239,0.021067359 
0.99838,0.00659,-0.056,-0.00736,0.019793326,-0.041365761,0.049797359 
0.99838,0.00653,-0.05602,-0.00735,-0.093926674,-0.064105761,-0.017242641 
0.99838,0.00652,-0.05596,-0.00735,-0.035716674,0.036744239,0.016127359 
0.99839,0.00651,-0.05592,-0.00735,-0.011326674,0.008164239,0.111897359 
0.99839,0.0065,-0.0559,-0.00734,0.064243326,-0.005895761,0.102317359 
0.99839,0.00649,-0.05595,-0.00734,0.039703326,-0.010685761,-0.046122641 
0.99838,0.00649,-0.05598,-0.00733,0.053163326,-0.020265761,0.006697359 
0.99838,0.00644,-0.05603,-0.00732,0.000493326,-0.067095761,0.049797359 
0.99838,0.00636,-0.05603,-0.00732,0.043143326,-0.075175761,-0.031612641 
0.99838,0.00631,-0.05605,-0.00732,0.000343326,-0.035825761,0.088097359 
0.99838,0.00636,-0.05604,-0.00731,-0.070586674,0.097354239,0.135987359 
0.99838,0.00642,-0.05599,-0.00731,0.001543326,0.062484239,-0.026822641 
0.99838,0.00648,-0.05597,-0.00731,-0.003246674,0.061434239,-0.132162641 
0.99838,0.00652,-0.05598,-0.00731,0.034763326,0.017594239,-0.026822641 
0.99838,0.00654,-0.05599,-0.00731,0.029523326,0.026724239,0.107257359 
0.99838,0.0065,-0.05601,-0.00731,0.042993326,-0.015625761,-0.093862641 
0.99838,0.00648,-0.05606,-0.00731,-0.056816674,0.013554239,0.035577359 
0.99838,0.00651,-0.05602,-0.0073,0.024433326,0.022534239,-0.041182641 
0.99838,0.0065,-0.05603,-0.00729,-0.023296674,-0.039565761,-0.017092641 
0.99838,0.0065,-0.05602,-0.00729,0.043293326,-0.006045761,-0.079492641 
0.99838,0.0065,-0.05605,-0.00728,0.032663326,-0.015625761,0.030787359 
0.99838,0.0065,-0.05609,-0.00728,-0.015066674,0.017894239,-0.079342641 
0.99838,0.00645,-0.05609,-0.00727,0.032663326,-0.062465761,-0.021882641 
0.99838,0.00645,-0.05609,-0.00726,-0.052926674,0.052314239,-0.026672641 
0.99838,0.00642,-0.05607,-0.00727,-0.009536674,-0.057075761,0.025997359 
0.99838,0.00638,-0.05605,-0.00727,-0.075826674,-0.008445761,-0.146382641 
0.99838,0.00637,-0.05601,-0.00725,-0.008636674,-0.003355761,-0.050762641 
0.99838,0.00638,-0.056,-0.00725,-0.027186674,0.010714239,-0.045972641 
0.99839,0.00638,-0.05597,-0.00724,-0.055176674,-0.013085761,0.020917359 
0.99839,0.00638,-0.05594,-0.00723,0.025633326,-0.008445761,0.030487359 
0.99839,0.0064,-0.05596,-0.00722,0.058703326,-0.013525761,-0.252022641 
0.99838,0.00647,-0.05599,-0.00721,0.024733326,0.071314239,0.078527359 
0.99838,0.00649,-0.05601,-0.00721,-0.070136674,0.051714239,0.016277359 
0.99839,0.00652,-0.05597,-0.00721,-0.011776674,0.012954239,-0.065122641 
0.99839,0.00651,-0.05592,-0.0072,-0.002346674,0.008314239,0.135837359 
0.99839,0.00645,-0.05592,-0.0072,-0.016566674,-0.052885761,-0.055702641 
0.99839,0.00644,-0.05592,-0.00719,0.016953326,0.033604239,0.030487359 
0.99839,0.00644,-0.05592,-0.00719,-0.073576674,-0.004705761,-0.031762641 
0.99839,0.00646,-0.05589,-0.00718,0.017553326,-0.014575761,0.063857359 
0.99839,0.00646,-0.05589,-0.00717,-0.030626674,-0.005145761,0.020767359 
0.99839,0.00651,-0.0559,-0.00717,-0.011776674,0.051564239,-0.055702641 
0.99839,0.0065,-0.05592,-0.00716,-0.006386674,-0.024905761,0.035277359 
0.99839,0.00653,-0.05589,-0.00716,-0.029886674,0.027024239,0.001607359 
0.99839,0.00655,-0.05586,-0.00716,0.037003326,0.007564239,0.087797359 
0.99839,0.00655,-0.05587,-0.00716,-0.029586674,-0.016375761,-0.060642641 
0.99839,0.00651,-0.05585,-0.00715,-0.024796674,-0.001105761,0.092587359 
0.99839,0.00649,-0.05585,-0.00715,0.003933326,0.037494239,-0.089372641 
0.99839,0.00649,-0.05585,-0.00714,-0.015216674,0.032554239,-0.055852641 
0.99839,0.00651,-0.05585,-0.00713,0.013513326,0.032404239,-0.007962641 
0.99839,0.00648,-0.05585,-0.00713,-0.033776674,-0.086855761,0.015977359 
0.99839,0.00653,-0.05582,-0.00713,0.004833326,0.084634239,0.001457359 
0.99839,0.00658,-0.0558,-0.00713,-0.061156674,0.026124239,0.054137359 
0.9984,0.00659,-0.05575,-0.00713,0.025333326,-0.007545761,0.049347359 
0.9984,0.00658,-0.05574,-0.00712,0.029673326,-0.012185761,0.082717359 
0.9984,0.00659,-0.05575,-0.00711,-0.003696674,0.016394239,0.015827359 
0.9984,0.00663,-0.05575,-0.0071,-0.055466674,0.049164239,0.073287359 
0.9984,0.00658,-0.05571,-0.00709,0.002143326,-0.055275761,0.015677359 
0.9984,0.00655,-0.05569,-0.00709,0.025633326,-0.011435761,-0.060932641 
0.9984,0.0065,-0.05572,-0.00709,0.091173326,-0.043905761,-0.032202641 
0.9984,0.00649,-0.05579,-0.00708,0.028623326,0.042434239,-0.056002641 
0.99839,0.00651,-0.05581,-0.00708,-0.061906674,0.037194239,0.025407359 
0.9984,0.00656,-0.05579,-0.00708,-0.004146674,0.031514239,-0.099092641 
0.9984,0.0066,-0.05578,-0.00708,-0.047236674,0.021184239,0.078077359 
0.9984,0.00662,-0.05577,-0.00707,0.000793326,0.030314239,0.058917359 
0.9984,0.00668,-0.05576,-0.00707,-0.022696674,0.072064239,0.049347359 
0.9984,0.00672,-0.05575,-0.00707,-0.031976674,0.052314239,-0.036842641 
0.9984,0.0067,-0.05573,-0.00707,-0.021956674,-0.033585761,-0.113612641 
0.9984,0.00667,-0.0557,-0.00707,0.002143326,0.010114239,-0.008262641 
0.9984,0.00668,-0.0557,-0.00707,-0.002346674,0.014754239,0.020467359 
0.9984,0.00667,-0.05568,-0.00706,0.002593326,-0.013675761,-0.036992641 
0.9984,0.00671,-0.05568,-0.00705,-0.002196674,0.037944239,0.025257359 
0.9984,0.00674,-0.05568,-0.00704,-0.106646674,-0.000665761,0.010887359 
0.9984,0.0067,-0.05563,-0.00703,-0.034226674,-0.110045761,-0.051512641 
0.99841,0.00671,-0.05559,-0.00702,0.080103326,0.023884239,0.048897359 
0.9984,0.00669,-0.05563,-0.00701,0.017553326,-0.028495761,0.010737359 
0.9984,0.00666,-0.05564,-0.00701,-0.020906674,-0.047045761,0.010737359 
0.9984,0.0066,-0.05565,-0.00701,0.059753326,-0.036425761,-0.051512641 
0.9984,0.00659,-0.05569,-0.00701,0.016353326,0.006974239,-0.060932641 
0.9984,0.00659,-0.0557,-0.007,-0.002946674,0.016544239,0.058777359 
0.9984,0.0066,-0.05571,-0.00699,-0.012226674,-0.007695761,0.006097359 
0.9984,0.00661,-0.0557,-0.007,-0.021956674,0.011464239,0.006097359 
0.9984,0.0066,-0.05571,-0.007,0.006333326,0.011604239,-0.046572641 
0.9984,0.0066,-0.05573,-0.00699,0.015453326,0.011604239,-0.080092641 
0.9984,0.00658,-0.05575,-0.00699,-0.008636674,-0.012035761,0.082867359 
0.9984,0.00662,-0.05575,-0.00698,-0.065196674,0.030314239,0.044557359 
0.9984,0.00665,-0.05571,-0.00698,0.073063326,0.000984239,0.034827359 
0.9984,0.00663,-0.05574,-0.00698,0.019943326,0.001284239,0.140177359 
0.9984,0.00655,-0.05577,-0.00698,0.095813326,-0.078475761,-0.022482641 
0.9984,0.00649,-0.05581,-0.00697,-0.000406674,-0.019815761,0.087657359 
0.9984,0.0064,-0.05582,-0.00697,0.084593326,-0.118725761,0.025407359 
0.99839,0.00639,-0.05588,-0.00697,0.031023326,0.030014239,-0.017542641 
0.99839,0.00645,-0.05593,-0.00697,-0.007136674,0.038544239,-0.055702641 
0.99839,0.00647,-0.05593,-0.00698,-0.050386674,-0.000365761,-0.031762641 
0.99839,0.00642,-0.05593,-0.00698,-0.135076674,-0.090295761,-0.156252641 
0.99839,0.00633,-0.05585,-0.00697,-0.061906674,-0.083705761,0.049497359 
0.9984,0.00633,-0.05579,-0.00696,0.090273326,0.002634239,-0.036842641 
0.9984,0.00637,-0.05584,-0.00696,0.093563326,0.078194239,0.035127359 
0.99839,0.00638,-0.05591,-0.00696,0.011863326,-0.008145761,-0.031762641 
0.99839,0.0064,-0.05593,-0.00695,0.031173326,0.034654239,0.049647359 
0.99839,0.00641,-0.05593,-0.00695,0.039843326,0.053654239,0.116687359 
0.99839,0.00643,-0.05597,-0.00694,0.044033326,0.029264239,0.040067359 
0.99839,0.00637,-0.056,-0.00693,-0.061006674,-0.089245761,-0.132162641 
0.99839,0.00634,-0.05598,-0.00692,0.020543326,-0.026395761,0.049797359 
0.99839,0.0064,-0.05598,-0.00692,0.015303326,0.092114239,-0.055552641 
0.99839,0.00642,-0.056,-0.00692,0.020093326,-0.013675761,0.001907359 
0.99839,0.00643,-0.056,-0.00692,-0.075076674,-0.004255761,0.030637359 
0.99839,0.00642,-0.05597,-0.00691,-0.012376674,-0.018465761,-0.026822641 
0.99839,0.00644,-0.05595,-0.00692,-0.035716674,0.029114239,-0.022182641 
0.99839,0.00641,-0.05591,-0.00692,0.054963326,-0.061265761,-0.017392641 
0.99839,0.00639,-0.05593,-0.00692,0.058703326,-0.012935761,0.131047359 
0.99839,0.00633,-0.05598,-0.0069,0.058103326,-0.069195761,-0.036392641 
0.99839,0.0063,-0.05601,-0.0069,0.000493326,-0.001705761,0.011487359 
0.99839,0.0063,-0.05602,-0.00689,-0.003996674,0.003234239,0.092887359 
0.99839,0.00629,-0.05601,-0.00688,0.010223326,-0.001555761,0.112047359 
0.99839,0.00625,-0.05602,-0.00687,-0.013876674,-0.077275761,0.016277359 
0.99839,0.00627,-0.05602,-0.00687,-0.027936674,0.027624239,0.025857359 
0.99839,0.00632,-0.05601,-0.00687,-0.004296674,0.065184239,-0.045972641 
0.99839,0.00632,-0.05602,-0.00686,0.042843326,-0.016525761,0.011487359 
0.99838,0.00636,-0.05606,-0.00685,0.028023326,0.040344239,0.054737359 
0.99838,0.0064,-0.05609,-0.00685,-0.043196674,0.034654239,0.030787359 
0.99838,0.00644,-0.05605,-0.00684,0.038353326,0.057994239,0.093037359 
0.99838,0.00637,-0.05605,-0.00684,0.047183326,-0.084305761,0.025997359 
0.99838,0.00632,-0.05608,-0.00684,-0.029136674,-0.021015761,0.006847359 
0.99838,0.0063,-0.05607,-0.00683,0.008873326,0.056054239,-0.041032641 
0.99838,0.00626,-0.05608,-0.00683,0.037153326,-0.015175761,-0.093712641 
0.99838,0.00627,-0.0561,-0.00683,-0.043796674,0.018194239,0.021217359 
0.99838,0.00631,-0.05608,-0.00682,0.041643326,-0.001705761,0.073887359 
0.99838,0.00637,-0.05612,-0.00681,0.017103326,0.073704239,-0.002582641 
0.99838,0.0064,-0.05615,-0.0068,-0.002196674,-0.017865761,-0.112712641 
0.99838,0.0064,-0.05616,-0.0068,0.012013326,0.006074239,-0.002582641 
0.99838,0.0064,-0.05617,-0.00678,0.011863326,0.020434239,0.002207359 
0.99838,0.00642,-0.05618,-0.00678,-0.040206674,0.044084239,-0.127072641 
0.99838,0.00634,-0.05615,-0.00677,0.069473326,-0.088495761,0.083617359 
0.99838,0.00632,-0.05617,-0.00677,0.020993326,0.036444239,-0.098342641 
0.99838,0.00623,-0.0562,-0.00675,-0.055026674,-0.095975761,-0.007362641 
0.99838,0.00621,-0.05616,-0.00674,0.007223326,0.014754239,-0.050462641 
0.99838,0.00621,-0.05617,-0.00674,0.044783326,0.009964239,0.002207359 
0.99838,0.00622,-0.0562,-0.00673,-0.022106674,8.42391E-05,0.059817359 
0.99838,0.00628,-0.0562,-0.00673,-0.078666674,0.022834239,-0.098192641 
0.99838,0.00632,-0.05615,-0.00673,0.060053326,0.026874239,0.117127359 
0.99838,0.00628,-0.05616,-0.00673,0.007373326,-0.058575761,0.069247359 
0.99838,0.00625,-0.05616,-0.00672,-0.063846674,-0.000365761,0.069247359 
0.99838,0.00622,-0.05613,-0.00671,0.008423326,-0.004705761,0.136137359 
0.99838,0.00622,-0.0561,-0.00671,-0.005786674,0.000234239,0.078677359 
0.99838,0.00621,-0.0561,-0.00669,-0.090936674,0.014754239,-0.026672641 
0.99839,0.00622,-0.05604,-0.00669,-0.023746674,0.019394239,0.001907359 
0.99839,0.00625,-0.05604,-0.0067,-0.061756674,0.066524239,-0.203992641 
0.99839,0.00631,-0.05602,-0.0067,-0.032276674,0.075054239,-0.022032641 
0.99839,0.00633,-0.05598,-0.00669,0.043883326,0.002934239,0.116687359 
0.99839,0.00636,-0.056,-0.00668,-0.046646674,0.011904239,0.021067359 
0.99839,0.0064,-0.05599,-0.00668,-0.022696674,0.020584239,-0.060342641 
0.99839,0.00643,-0.05599,-0.00668,-0.036316674,0.029564239,0.006697359 
0.99839,0.00646,-0.05595,-0.00667,0.025483326,0.028964239,-0.070062641 
0.99839,0.0064,-0.05597,-0.00667,-0.012976674,-0.056025761,-0.036542641 
0.99839,0.00639,-0.05598,-0.00667,0.001843326,0.035254239,0.001907359 
0.99839,0.00633,-0.05596,-0.00666,0.063493326,-0.059465761,0.087947359 
0.99839,0.00628,-0.05598,-0.00666,-0.008486674,0.013254239,-0.017392641 
0.99839,0.00627,-0.05599,-0.00665,-0.046646674,-0.024755761,-0.065122641 
0.99839,0.00635,-0.05598,-0.00665,0.039403326,0.098254239,0.001907359 
0.99839,0.00639,-0.05599,-0.00664,-0.022996674,0.001584239,-0.026822641 
0.99839,0.00638,-0.056,-0.00663,0.033863326,-0.012485761,-0.098642641 
0.99839,0.00633,-0.05603,-0.00662,0.009623326,-0.107205761,-0.022032641 
0.99839,0.00633,-0.05604,-0.0066,-0.118166674,0.041084239,-0.103432641 
0.99839,0.00637,-0.05596,-0.0066,-0.026146674,0.073854239,0.054437359 
0.99839,0.00637,-0.05591,-0.0066,-0.016116674,0.026124239,0.059217359 
0.99839,0.00636,-0.05589,-0.0066,-0.034816674,0.021484239,-0.098942641 
0.9984,0.00638,-0.05587,-0.0066,-0.010576674,0.064134239,-0.118102641 
0.9984,0.00639,-0.05585,-0.00659,0.022493326,-0.012635761,0.025557359 
0.9984,0.00641,-0.05588,-0.00659,0.074263326,0.039594239,0.030337359 
0.99839,0.0064,-0.05592,-0.00657,-0.073576674,-0.055875761,-0.065272641 
0.99839,0.00645,-0.05589,-0.00656,0.031613326,0.043784239,-0.017542641 
0.99839,0.00645,-0.0559,-0.00656,-0.049036674,-0.018465761,0.025707359 
0.9984,0.00643,-0.05586,-0.00656,0.017853326,-0.003805761,0.087797359 
0.9984,0.00635,-0.05587,-0.00655,-0.020006674,-0.102865761,-0.027122641 
0.9984,0.00636,-0.05585,-0.00655,-0.005646674,0.079094239,0.063857359 
0.9984,0.00636,-0.05584,-0.00655,-0.052776674,0.002334239,-0.046422641 
0.9984,0.00633,-0.0558,-0.00654,0.019053326,-0.006645761,0.006247359 
0.9984,0.00632,-0.05581,-0.00653,-0.010276674,-0.011135761,0.106807359 
0.9984,0.00631,-0.05584,-0.00652,0.037303326,-0.015925761,-0.118252641 
0.9984,0.00634,-0.05585,-0.00652,-0.001596674,0.041084239,0.015977359 
0.9984,0.00639,-0.05588,-0.00651,-0.072676674,0.030464239,-0.017542641 
0.9984,0.00639,-0.05585,-0.00651,0.023093326,-0.036575761,-0.003172641 
0.9984,0.00643,-0.05584,-0.00651,-0.085996674,0.015504239,0.015977359 
0.9984,0.00647,-0.05579,-0.00651,-0.032426674,0.043484239,0.078077359 
0.9984,0.00647,-0.05575,-0.00651,0.053463326,0.028964239,0.030037359 
0.9984,0.00645,-0.05576,-0.00651,0.052123326,0.024624239,-0.046572641 
0.9984,0.0064,-0.05583,-0.0065,-0.020006674,-0.094035761,-0.142192641 
0.9984,0.00643,-0.05584,-0.0065,0.041793326,0.063384239,-0.017542641 
0.9984,0.00643,-0.05587,-0.0065,0.022343326,-0.018015761,-0.041482641 
0.9984,0.0064,-0.05588,-0.00649,-0.049186674,-0.017415761,0.140477359 
0.9984,0.00646,-0.05587,-0.00649,0.003183326,0.077154239,-0.094152641 
0.9984,0.00651,-0.05588,-0.00648,0.012913326,0.004274239,0.044707359 
0.9984,0.00651,-0.05588,-0.00647,-0.034526674,-0.019665761,0.063857359 
0.9984,0.00652,-0.05585,-0.00647,0.032213326,0.027924239,-0.075002641 
0.9984,0.00651,-0.05587,-0.00646,-0.010726674,-0.005295761,0.011187359 
0.9984,0.00654,-0.05586,-0.00646,0.022793326,0.056504239,-0.041482641 
0.9984,0.0065,-0.05586,-0.00645,0.017853326,-0.038665761,0.178777359 
0.9984,0.00645,-0.05587,-0.00645,-0.039306674,-0.028045761,0.059067359 
0.9984,0.00645,-0.05585,-0.00645,-0.057866674,-0.013675761,-0.022332641 
0.9984,0.00645,-0.05582,-0.00644,-0.000106674,-0.075775761,-0.075152641 
0.9984,0.00648,-0.05581,-0.00645,0.028173326,0.033604239,-0.036842641 
0.9984,0.00648,-0.05583,-0.00644,0.004233326,-0.009485761,0.049347359 
0.9984,0.00654,-0.05583,-0.00644,0.013663326,0.123534239,0.059067359 
0.9984,0.00658,-0.05584,-0.00643,0.013963326,0.041384239,0.030337359 
0.9984,0.00659,-0.05582,-0.00642,0.032513326,0.007564239,0.145267359 
0.9984,0.0066,-0.05585,-0.00642,0.003933326,0.021784239,0.006397359 
0.9984,0.00661,-0.05585,-0.00642,-0.043646674,0.007274239,-0.007962641 
0.9984,0.00664,-0.05583,-0.00641,-0.005046674,0.049764239,0.025557359 
0.9984,0.00662,-0.05581,-0.00641,0.047183326,0.040484239,0.054287359 
0.9984,0.00659,-0.05584,-0.0064,0.022643326,-0.006645761,-0.084582641 
0.9984,0.00659,-0.05587,-0.0064,0.027133326,-0.011585761,-0.079792641 
0.99839,0.00669,-0.05588,-0.0064,-0.029886674,0.082384239,0.035277359 
0.9984,0.00675,-0.05586,-0.0064,0.046433326,0.009214239,0.020767359 
0.99839,0.00681,-0.05588,-0.00641,-0.044246674,0.079844239,0.083167359 
0.99839,0.00679,-0.05586,-0.0064,0.089083326,-0.020265761,0.111897359 
0.99839,0.00678,-0.0559,-0.00639,0.045383326,0.003974239,0.107107359 
0.99839,0.00679,-0.05593,-0.00639,0.053613326,0.018044239,-0.065122641 
0.99839,0.00682,-0.056,-0.00639,0.071423326,0.031814239,-0.017092641 
0.99838,0.0068,-0.05607,-0.00639,-0.043496674,-0.058715761,-0.021732641 
0.99838,0.00678,-0.05607,-0.00639,-0.019556674,-0.005595761,-0.050462641 
0.99838,0.0067,-0.05607,-0.00637,-0.019256674,-0.104805761,-0.084132641 
0.99839,0.00664,-0.05605,-0.00635,0.066633326,-0.046005761,0.102617359 
0.99838,0.00663,-0.05606,-0.00636,0.056303326,-0.007545761,0.045157359 
0.99838,0.00667,-0.0561,-0.00635,0.046283326,-0.003505761,0.021367359 
0.99838,0.00666,-0.05613,-0.00635,0.012313326,-0.022355761,-0.021732641 
0.99838,0.00662,-0.05615,-0.00634,0.059453326,-0.055275761,0.064457359 
0.99838,0.0066,-0.05619,-0.00633,-0.045296674,0.050664239,0.016727359 
0.99838,0.00661,-0.05616,-0.00632,-0.011326674,0.036004239,0.050247359 
0.99838,0.00659,-0.05613,-0.00631,-0.030036674,-0.040315761,-0.016942641 
0.99838,0.00653,-0.05611,-0.00631,-0.015066674,-0.096425761,0.074037359 
0.99838,0.00655,-0.05608,-0.0063,-0.000706674,0.027624239,-0.069762641 
0.99838,0.00659,-0.05608,-0.00631,-0.057566674,0.041234239,-0.045822641 
0.99839,0.00661,-0.05605,-0.0063,0.014413326,0.036004239,0.025997359 
0.99839,0.00661,-0.05604,-0.0063,-0.033176674,0.007424239,-0.127222641 
0.99839,0.00664,-0.05603,-0.00629,0.104343326,0.049764239,0.078677359 
0.99838,0.00664,-0.0561,-0.00628,0.027573326,-0.074735761,0.002207359 
0.99838,0.00661,-0.05611,-0.00628,0.041043326,-0.069345761,-0.050462641 
0.99838,0.00661,-0.05615,-0.00627,-0.092286674,0.007274239,0.064607359 
0.99838,0.00659,-0.05611,-0.00626,-0.001156674,0.022084239,-0.031312641 
0.99838,0.00659,-0.0561,-0.00626,-0.001006674,-0.011285761,0.150647359 
0.99838,0.00659,-0.0561,-0.00625,-0.019706674,0.012504239,-0.107922641 
0.99839,0.0066,-0.05607,-0.00624,0.013513326,-0.016375761,0.035577359 
0.99838,0.00661,-0.05609,-0.00623,-0.024196674,-0.021315761,0.050097359 
0.99839,0.00665,-0.05606,-0.00623,-0.009826674,0.049764239,0.035577359 
0.99839,0.00665,-0.05606,-0.00622,0.013963326,-0.003055761,-0.045822641 
0.99839,0.00662,-0.05606,-0.00622,-0.014466674,-0.045555761,-0.007512641 
0.99839,0.00656,-0.05605,-0.0062,-0.061456674,-0.077875761,0.073887359 
0.99839,0.00653,-0.056,-0.00619,0.110023326,-0.038965761,0.155137359 
0.99839,0.00657,-0.05605,-0.00619,0.027723326,0.051264239,0.021217359 
0.99838,0.00661,-0.0561,-0.00618,-0.071926674,0.002784239,-0.021732641 
0.99839,0.0066,-0.05605,-0.00618,-0.028086674,0.002784239,0.045157359 
0.99839,0.00657,-0.05601,-0.00618,0.000643326,-0.025355761,-0.132162641 
0.99839,0.00655,-0.05601,-0.00618,0.076363326,0.018194239,0.059367359 
0.99839,0.00661,-0.05606,-0.00618,-0.005046674,0.084034239,-0.041032641 
0.99839,0.00663,-0.05606,-0.00617,0.028173326,0.002334239,-0.132012641 
0.99839,0.00663,-0.05607,-0.00616,-0.019706674,0.016694239,0.040367359 
0.99839,0.00669,-0.05608,-0.00616,-0.010126674,0.068174239,-0.064832641 
0.99839,0.00669,-0.05607,-0.00614,-0.033476674,-0.003805761,-0.041032641 
0.99839,0.00671,-0.05604,-0.00613,0.056903326,0.024774239,-0.002732641 
0.99838,0.00674,-0.05608,-0.00613,0.032063326,0.033604239,0.074037359 
0.99838,0.00681,-0.05612,-0.00613,-0.011026674,0.085084239,-0.079192641 
0.99838,0.00685,-0.05612,-0.00613,0.055713326,0.012354239,-0.055252641 
0.99838,0.0068,-0.05614,-0.00613,0.059603326,-0.039415761,0.112497359 
0.99838,0.00676,-0.05618,-0.00612,-0.111736674,0.009364239,-0.035952641 
0.99838,0.00668,-0.05613,-0.00611,-0.062506674,-0.094335761,-0.007362641 
0.99839,0.00668,-0.05606,-0.0061,-0.009536674,0.034804239,0.069097359 
0.99839,0.00669,-0.05605,-0.00609,-0.018956674,-0.013085761,-0.031462641 
0.99839,0.00675,-0.05603,-0.00609,0.061543326,0.071764239,0.112197359 
0.99838,0.00675,-0.05608,-0.0061,-0.010126674,-0.043155761,-0.002582641 
0.99839,0.00677,-0.05607,-0.00609,0.023683326,0.023584239,0.050097359 
0.99839,0.00679,-0.05606,-0.00609,0.037753326,0.047224239,0.069097359 
0.99839,0.00679,-0.05608,-0.00608,-0.000706674,0.008914239,0.040517359 
0.99838,0.00681,-0.05608,-0.00608,0.009023326,0.065924239,-0.021732641 
0.99838,0.00684,-0.05607,-0.00608,0.042243326,0.017444239,-0.002582641 
0.99838,0.00681,-0.05609,-0.00608,-0.024646674,-0.039565761,-0.002582641 
0.99838,0.00678,-0.05608,-0.00607,0.041943326,-0.057975761,0.016577359 
0.99838,0.00676,-0.05611,-0.00607,0.036703326,0.033304239,0.006997359 
0.99838,0.00677,-0.05613,-0.00606,-0.030036674,0.009364239,-0.036092641 
0.99838,0.00672,-0.05611,-0.00606,-0.052926674,-0.056775761,0.021367359 
0.99839,0.00667,-0.05606,-0.00605,-0.033026674,-0.041515761,0.136137359 
0.99839,0.00669,-0.05602,-0.00605,-0.023296674,0.015654239,0.021217359 
0.99839,0.00669,-0.05601,-0.00604,-0.136426674,-0.027445761,0.078677359 
0.99839,0.00667,-0.05592,-0.00603,0.016803326,-0.022355761,0.064007359 
0.9984,0.00661,-0.05592,-0.00603,-0.049786674,-0.030735761,-0.098792641 
0.9984,0.00661,-0.05589,-0.00602,-0.024946674,0.026874239,-0.046122641 
0.9984,0.0066,-0.05585,-0.00602,-0.009826674,-0.030435761,0.102167359 
0.9984,0.00664,-0.05581,-0.00601,0.037453326,0.064434239,-0.094152641 
0.9984,0.0067,-0.05584,-0.00601,-0.019706674,0.058594239,-0.027122641 
0.9984,0.0067,-0.05583,-0.00601,-0.061756674,-0.027595761,0.049497359 
0.9984,0.00663,-0.05577,-0.006,0.043293326,-0.093285761,0.015827359 
0.9984,0.00668,-0.05579,-0.006,-0.037666674,0.121144239,-0.041632641 
0.9984,0.00672,-0.05576,-0.00599,0.067383326,0.005474239,-0.036842641 
0.9984,0.00675,-0.05578,-0.00599,-0.089886674,-0.014125761,0.173847359 
0.9984,0.00679,-0.05574,-0.00598,0.049123326,0.028214239,-0.075152641 
0.9984,0.00679,-0.05573,-0.00598,-0.003696674,-0.029245761,0.049347359 
0.9984,0.0068,-0.05574,-0.00597,-0.017766674,0.066224239,0.030187359 
0.99841,0.00677,-0.05573,-0.00597,0.001843326,-0.028945761,-0.008112641 
0.99841,0.00677,-0.05571,-0.00596,-0.021506674,0.062034239,0.082717359 
0.99841,0.00678,-0.05567,-0.00596,-0.034966674,-0.043455761,0.073137359 
0.99841,0.00678,-0.05563,-0.00596,-0.048736674,0.004424239,0.001157359 
0.99841,0.00675,-0.0556,-0.00595,0.032213326,-0.057375761,-0.046722641 
0.99841,0.00676,-0.05562,-0.00595,-0.015966674,0.038244239,-0.099392641 
0.99841,0.00675,-0.05564,-0.00595,-0.025096674,-0.018915761,-0.118552641 
0.99841,0.00672,-0.05561,-0.00594,0.027423326,-0.028045761,0.025107359 
0.99841,0.00673,-0.05562,-0.00594,0.008123326,0.057994239,0.025107359 
0.99841,0.00672,-0.05563,-0.00594,-0.025096674,-0.023255761,-0.085032641 
0.99841,0.00674,-0.05561,-0.00593,-0.005496674,0.014754239,-0.080242641 
0.99841,0.00679,-0.05559,-0.00592,-0.085846674,0.066524239,0.020317359 
0.99842,0.00672,-0.05554,-0.00592,-0.037516674,-0.066205761,-0.056452641 
0.99842,0.00667,-0.05551,-0.00592,0.077103326,0.011464239,0.072687359 
0.99842,0.00667,-0.05553,-0.00591,0.018903326,0.001884239,0.058327359 
0.99842,0.00668,-0.05556,-0.0059,-0.066996674,-0.007995761,-0.037292641 
0.99842,0.00671,-0.05555,-0.0059,0.042543326,0.029714239,-0.056452641 
0.99841,0.00673,-0.05559,-0.00589,0.041643326,0.000684239,-0.142642641 
0.99841,0.00674,-0.05563,-0.00589,0.031613326,0.014754239,-0.075452641 
0.99841,0.00672,-0.05565,-0.00588,0.002883326,-0.013525761,0.005947359 
0.99841,0.00671,-0.05565,-0.00588,0.026833326,0.005924239,0.063407359 
0.99841,0.0067,-0.05565,-0.00588,-0.044696674,-0.013225761,-0.032352641 
0.99841,0.00676,-0.05564,-0.00588,0.040893326,0.038394239,-0.108972641 
0.99841,0.0068,-0.05567,-0.00588,0.058853326,0.013704239,-0.175862641 
0.99841,0.00681,-0.05573,-0.00588,-0.041406674,0.018194239,-0.194862641 
0.99841,0.0068,-0.05571,-0.00588,0.082343326,-0.000665761,-0.041782641 
0.9984,0.00685,-0.05575,-0.00589,-0.027336674,0.079694239,0.063707359 
0.99841,0.00685,-0.05573,-0.00588,-0.050686674,-0.063805761,0.034977359 
0.99841,0.0068,-0.0557,-0.00586,0.044633326,-0.067845761,0.121017359 
0.99841,0.00682,-0.05572,-0.00586,0.039253326,0.046774239,0.025407359 
0.9984,0.00681,-0.05575,-0.00586,-0.065196674,-0.039265761,0.102017359 
0.99841,0.00682,-0.0557,-0.00585,-0.059356674,0.013404239,0.034827359 
0.99841,0.00676,-0.05565,-0.00585,0.031613326,-0.076375761,0.025107359 
0.99841,0.00672,-0.05565,-0.00585,0.003033326,-0.037325761,-0.041932641 
0.99841,0.00672,-0.05565,-0.00584,-0.015966674,0.029564239,0.053837359 
0.99841,0.00676,-0.05563,-0.00584,-0.006386674,0.033604239,-0.089812641 
0.99841,0.00678,-0.05563,-0.00585,0.078453326,-0.033735761,-0.113762641 
0.99841,0.00677,-0.05571,-0.00583,0.015603326,0.014454239,-0.214162641 
0.99841,0.00677,-0.05574,-0.00583,0.039403326,0.019244239,0.106807359 
0.99841,0.00676,-0.05574,-0.00583,0.090873326,8.42391E-05,0.073287359 
0.9984,0.00678,-0.0558,-0.00583,-0.062206674,0.014154239,0.020767359 
0.9984,0.00685,-0.05579,-0.00583,0.014413326,0.070114239,-0.156402641 
0.9984,0.00685,-0.0558,-0.00582,-0.037966674,-0.035075761,-0.084582641 
0.9984,0.00677,-0.05578,-0.00581,-0.022846674,-0.105405761,0.030187359 
0.99841,0.00675,-0.05575,-0.0058,-0.017766674,0.009964239,-0.084732641 
0.99841,0.00674,-0.05572,-0.0058,-0.007736674,-0.018465761,-0.022632641 
0.99841,0.00672,-0.0557,-0.00579,0.006633326,0.000984239,-0.017842641 
0.99841,0.00671,-0.0557,-0.00578,-0.002346674,0.015504239,0.053987359 
0.99841,0.00674,-0.05568,-0.00578,-0.035416674,0.010114239,0.116237359 
0.99841,0.00675,-0.05565,-0.00577,-0.030036674,-0.033135761,-0.113762641 
0.99841,0.00676,-0.05562,-0.00576,-0.024496674,0.000234239,-0.022782641 
0.99841,0.00675,-0.05558,-0.00576,-0.005346674,-0.013975761,0.087207359 
0.99842,0.00673,-0.05558,-0.00575,0.028023326,0.000684239,-0.099542641 
0.99841,0.00671,-0.05559,-0.00574,0.003933326,-0.037175761,0.135087359 
0.99841,0.00672,-0.05559,-0.00574,-0.024496674,0.039294239,-0.017992641 
0.99842,0.00664,-0.05558,-0.00573,-0.038706674,-0.117075761,-0.008562641 
0.99842,0.00665,-0.05557,-0.00572,-0.057116674,0.059944239,-0.022932641 
0.99842,0.00671,-0.05554,-0.00572,0.019493326,0.063534239,0.020167359 
0.99842,0.00677,-0.05554,-0.00572,-0.037216674,0.047974239,-0.066022641 
0.99842,0.0068,-0.0555,-0.00573,-0.007886674,0.004274239,0.072687359 
0.99842,0.00679,-0.05547,-0.00573,0.011113326,-0.057825761,-0.047022641 
0.99842,0.00681,-0.05548,-0.00573,-0.036316674,0.013704239,-0.099692641 
0.99842,0.00681,-0.05545,-0.00573,-0.021506674,0.003974239,-0.109272641 
0.99842,0.00678,-0.05543,-0.00572,-0.002046674,-0.033585761,0.067747359 
0.99842,0.00675,-0.05541,-0.00572,0.007523326,-0.047345761,0.053387359 
0.99842,0.00671,-0.05541,-0.00571,-0.006836674,-0.046745761,-0.080692641 
0.99843,0.00665,-0.05541,-0.0057,-0.001896674,-0.093435761,-0.071112641 
0.99843,0.00666,-0.05541,-0.0057,0.012163326,0.035704239,0.053387359 
0.99842,0.00667,-0.05542,-0.00569,0.006923326,0.011754239,-0.118992641 
0.99842,0.0067,-0.05544,-0.00568,-0.021356674,0.015944239,-0.128572641 
0.99842,0.00675,-0.05542,-0.00567,-0.025696674,0.067574239,-0.028012641 
0.99843,0.00677,-0.0554,-0.00566,0.069323326,-0.014275761,0.067747359 
0.99842,0.00678,-0.05543,-0.00566,0.063343326,-0.004855761,-0.004072641 
0.99842,0.00677,-0.05549,-0.00565,0.019793326,-0.004705761,-0.099692641 
0.99842,0.00679,-0.05552,-0.00565,-0.027636674,0.033154239,0.048897359 
0.99842,0.00678,-0.0555,-0.00564,-0.013126674,-0.009635761,-0.003922641 
0.99842,0.00673,-0.05549,-0.00564,-0.022246674,-0.032685761,-0.032652641 
0.99842,0.00669,-0.05547,-0.00564,0.039703326,-0.022355761,0.087057359 
0.99842,0.00665,-0.05548,-0.00563,0.001543326,-0.002305761,-0.037442641 
0.99842,0.00666,-0.05547,-0.00562,0.025183326,-0.007095761,0.024807359 
0.99842,0.0067,-0.05549,-0.00562,0.081293326,0.049464239,-0.051812641 
0.99842,0.00675,-0.05556,-0.00561,0.022943326,0.005324239,0.005797359 
0.99841,0.00679,-0.05561,-0.00561,0.008723326,0.018944239,0.029897359 
0.99841,0.00679,-0.0556,-0.0056,-0.043196674,-0.014575761,0.020317359 
0.99842,0.00681,-0.05556,-0.0056,-0.023596674,0.052014239,0.087207359 
0.99842,0.00685,-0.05553,-0.0056,0.029073326,0.046624239,-0.003772641 
0.99842,0.00682,-0.05553,-0.0056,0.038503326,-0.005595761,-0.027722641 
0.99842,0.00681,-0.05554,-0.00559,0.047483326,0.037794239,0.005797359 
0.99842,0.0068,-0.05557,-0.00558,0.008723326,0.004424239,0.005797359 
0.99841,0.0068,-0.0556,-0.00558,0.018003326,-0.024305761,0.010737359 
0.99841,0.00678,-0.05561,-0.00557,0.041343326,-0.076525761,0.092137359 
0.99841,0.00683,-0.05564,-0.00557,0.021743326,0.051714239,0.082567359 
0.99841,0.00682,-0.05567,-0.00556,0.035363326,-0.072635761,-0.099242641 
0.99841,0.0068,-0.0557,-0.00556,-0.049786674,-0.038515761,0.030037359 
0.99841,0.00684,-0.05565,-0.00556,-0.029736674,0.070714239,0.101867359 
0.99841,0.00682,-0.0556,-0.00556,0.018453326,-0.029545761,0.020317359 
0.99842,0.00679,-0.05559,-0.00556,-0.005346674,-0.028945761,0.010737359 
0.99842,0.00668,-0.05558,-0.00554,-0.038706674,-0.132195761,0.072837359 
0.99842,0.00663,-0.05557,-0.00554,-0.005046674,-0.021015761,-0.070812641 
0.99842,0.00666,-0.05556,-0.00553,-0.033326674,0.055154239,-0.094752641 
0.99842,0.00671,-0.05554,-0.00553,0.066483326,0.073264239,0.001017359 
0.99842,0.00679,-0.05558,-0.00553,0.027573326,0.081344239,-0.070812641 
0.99841,0.00683,-0.05561,-0.00553,-0.039156674,0.013554239,0.077777359 
0.99841,0.00685,-0.0556,-0.00553,0.051223326,-0.006195761,0.015527359 
0.99841,0.0069,-0.05562,-0.00553,-0.058316674,0.036004239,-0.065872641 
0.99841,0.0069,-0.0556,-0.00553,-0.029286674,-0.007095761,-0.003622641 
0.99842,0.00685,-0.05558,-0.00552,0.009473326,-0.068445761,-0.041932641 
0.99842,0.00682,-0.05556,-0.00551,0.057053326,0.008914239,0.154237359 
0.99842,0.0068,-0.05558,-0.0055,0.041793326,-0.014575761,0.015377359 
0.99841,0.00684,-0.05562,-0.0055,0.017703326,0.051714239,0.039467359 
0.99841,0.00691,-0.05563,-0.00551,0.017553326,0.064434239,-0.003622641 
0.99841,0.00695,-0.05564,-0.00551,-0.020756674,0.020584239,0.039617359 
0.99841,0.00693,-0.05563,-0.0055,0.050623326,-0.069795761,-0.085032641 
0.99841,0.00692,-0.05566,-0.0055,-0.030926674,-0.016975761,0.001307359 
0.99841,0.00691,-0.05566,-0.0055,0.002593326,-0.035825761,-0.036992641 
0.99841,0.00688,-0.05567,-0.00549,0.078153326,-0.083265761,-0.065722641 
0.99841,0.00685,-0.05572,-0.00548,0.019943326,-0.010835761,-0.156552641 
0.99841,0.00684,-0.05575,-0.00548,-0.036916674,0.008464239,0.039767359 
0.99841,0.00679,-0.05573,-0.00548,0.001843326,-0.062315761,0.020617359 
0.99841,0.00678,-0.0557,-0.00546,-0.017016674,0.067124239,0.039617359 
0.99841,0.00682,-0.05569,-0.00546,-0.003096674,0.056804239,-0.003472641 
0.99841,0.00682,-0.05571,-0.00546,-0.059956674,-0.005445761,-0.084882641 
0.99841,0.00682,-0.05568,-0.00545,0.030573326,-0.058125761,-0.003472641 
0.99841,0.00683,-0.0557,-0.00545,0.015903326,-0.019965761,0.058777359 
0.99841,0.00683,-0.05572,-0.00544,0.020543326,-0.005595761,0.020467359 
0.99841,0.00679,-0.05573,-0.00543,0.020393326,-0.043005761,0.068497359 
0.99841,0.00674,-0.05573,-0.00542,0.015303326,-0.061265761,0.044557359 
0.99841,0.00674,-0.05575,-0.00542,0.043143326,0.048864239,-0.022482641 
0.9984,0.0068,-0.0558,-0.00542,0.004683326,0.081194239,-0.036692641 
0.9984,0.0069,-0.0558,-0.00541,4.33261E-05,0.117704239,0.073437359 
0.9984,0.00687,-0.05579,-0.00541,-0.004896674,-0.044655761,-0.065422641 
0.9984,0.00682,-0.0558,-0.0054,-0.009976674,-0.029245761,-0.075002641 
0.9984,0.00679,-0.05582,-0.00539,0.004533326,-0.019065761,-0.055852641 
0.9984,0.00681,-0.05581,-0.00539,0.018303326,0.009064239,-0.051062641 
0.9984,0.00682,-0.05584,-0.00538,0.013363326,-0.019815761,-0.137252641 
0.9984,0.00684,-0.05585,-0.00537,0.003783326,-0.000955761,0.001607359 
0.9984,0.00686,-0.05585,-0.00537,-0.029136674,0.032254239,0.030337359 
0.9984,0.00685,-0.05582,-0.00536,0.004383326,0.027624239,0.126107359 
0.9984,0.00683,-0.05582,-0.00535,0.042093326,-0.005445761,0.044707359 
0.9984,0.00684,-0.05585,-0.00534,0.032063326,0.046924239,-0.079792641 
0.9984,0.00683,-0.05587,-0.00534,-0.006386674,-0.019965761,-0.026972641 
0.9984,0.00683,-0.05588,-0.00533,0.003333326,-0.019815761,0.121467359 
0.9984,0.00686,-0.05587,-0.00533,0.050473326,0.051414239,-0.017392641 
0.9984,0.00683,-0.05591,-0.00532,-0.087646674,-0.062905761,-0.094002641 
0.9984,0.00687,-0.05587,-0.00532,-0.048136674,0.065624239,0.020917359 
0.9984,0.00689,-0.05581,-0.00531,-0.009536674,0.012504239,0.087797359 
0.9984,0.00692,-0.0558,-0.0053,-0.004746674,-0.021455761,-0.031912641 
0.9984,0.00695,-0.0558,-0.00529,0.019193326,0.016244239,-0.103732641 
0.9984,0.00696,-0.0558,-0.00528,-0.047236674,-0.007995761,-0.051062641 
0.99841,0.00696,-0.05576,-0.00528,0.034013326,-0.012785761,-0.008112641 
0.99841,0.00697,-0.05577,-0.00527,0.028923326,0.063684239,-0.003322641 
0.9984,0.00696,-0.05579,-0.00526,-0.070736674,-0.007995761,0.044707359 
0.99841,0.00699,-0.05574,-0.00525,-0.046196674,0.029714239,0.068497359 
0.99841,0.00703,-0.05571,-0.00525,0.030123326,0.028964239,0.015827359 
0.99841,0.00707,-0.05573,-0.00524,-0.059956674,0.033004239,-0.041632641 
0.99841,0.0071,-0.05568,-0.00524,0.021293326,-0.005895761,0.001457359 
0.99841,0.00713,-0.05569,-0.00523,-0.074176674,-0.001705761,-0.022482641 
0.99841,0.00712,-0.05567,-0.00522,-0.011626674,-0.010985761,-0.070512641 
0.99841,0.00712,-0.05565,-0.00522,0.031613326,0.008164239,-0.003472641 
0.99841,0.00713,-0.05565,-0.00522,0.063943326,0.022234239,0.010887359 
0.99841,0.00722,-0.05571,-0.00522,-0.008036674,0.087624239,-0.065572641 
0.99841,0.00719,-0.05572,-0.00521,0.001543326,-0.055575761,0.025407359 
0.99841,0.00718,-0.05572,-0.0052,0.082043326,-0.012335761,-0.151762641 
0.9984,0.00717,-0.05576,-0.00519,0.014263326,0.007274239,-0.017542641 
0.9984,0.00717,-0.0558,-0.00518,0.061243326,-0.011885761,-0.051062641 
0.9984,0.00719,-0.05585,-0.00517,0.041493326,0.044974239,-0.089222641 
0.9984,0.00717,-0.05588,-0.00517,0.026533326,-0.069345761,-0.002882641 
0.9984,0.00718,-0.05591,-0.00516,0.044783326,0.030914239,0.045007359 
0.99839,0.0072,-0.05595,-0.00516,0.067533326,-0.050785761,0.002057359 
0.99839,0.0072,-0.05601,-0.00514,0.043143326,-0.026845761,-0.055252641 
0.99839,0.00718,-0.05604,-0.00513,0.009473326,-0.045555761,0.002207359 
0.99839,0.00715,-0.05604,-0.00512,-0.009386674,-0.044955761,-0.036092641 
0.99839,0.00712,-0.05603,-0.00511,0.056903326,0.008164239,-0.036092641 
0.99839,0.00713,-0.05607,-0.00511,-0.081356674,0.012804239,0.045307359 
0.99839,0.00714,-0.05604,-0.0051,0.000493326,-0.006495761,-0.151022641 
0.99839,0.00715,-0.05601,-0.0051,0.024433326,0.022084239,-0.108072641 
0.99839,0.00719,-0.05601,-0.00509,0.028923326,0.049914239,0.030937359 
0.99839,0.00721,-0.05603,-0.00508,0.014263326,0.011164239,0.040517359 
0.99839,0.00723,-0.05605,-0.00508,-0.071486674,0.001284239,-0.074402641 
0.99839,0.00725,-0.05602,-0.00508,-0.022996674,0.010564239,-0.050462641 
0.99839,0.00729,-0.05599,-0.00508,-0.074926674,0.038394239,0.064307359 
0.99839,0.00731,-0.05595,-0.00507,-0.031226674,-0.014725761,-0.017092641 
0.9984,0.00726,-0.05592,-0.00507,-0.016116674,-0.090295761,0.040217359 
0.9984,0.00723,-0.05589,-0.00507,0.055413326,0.001284239,0.102467359 
0.9984,0.00728,-0.0559,-0.00507,-0.030776674,0.067424239,0.073737359 
0.9984,0.00724,-0.0559,-0.00506,-0.034666674,-0.065905761,-0.098642641 
0.9984,0.00728,-0.05586,-0.00506,0.022493326,0.062634239,0.020917359 
0.9984,0.0073,-0.05587,-0.00505,-0.034666674,0.009514239,-0.007662641 
0.9984,0.00731,-0.05585,-0.00504,0.003633326,-0.014425761,0.006547359 
0.9984,0.00731,-0.05585,-0.00504,0.022343326,-0.014575761,-0.046122641 
0.9984,0.00731,-0.05588,-0.00504,0.031613326,-0.014575761,-0.031612641 
0.9984,0.00729,-0.05589,-0.00504,-0.039756674,-0.018915761,0.102467359 
0.9984,0.00726,-0.05587,-0.00503,-0.005646674,-0.051985761,0.030637359 
0.9984,0.00723,-0.05584,-0.00502,-0.038706674,-0.022655761,-0.022182641 
0.9984,0.00717,-0.05582,-0.00501,0.014113326,-0.088495761,-0.089222641 
0.9984,0.00711,-0.05581,-0.005,0.051823326,-0.053785761,0.054287359 
0.9984,0.00706,-0.05584,-0.005,-0.024646674,-0.033735761,0.001757359 
0.9984,0.00706,-0.05583,-0.00499,0.022943326,0.019094239,-0.117952641 
0.9984,0.00707,-0.05585,-0.00497,-0.005786674,-0.033735761,-0.026972641 
0.9984,0.00709,-0.05584,-0.00497,-0.019856674,0.023284239,0.044857359 
0.9984,0.00708,-0.05583,-0.00496,-0.038416674,-0.014875761,0.049647359 
0.9984,0.00713,-0.0558,-0.00496,0.028773326,0.041684239,0.001607359 
0.9984,0.00714,-0.05579,-0.00495,-0.046946674,-0.011135761,0.068647359 
0.99841,0.0071,-0.05575,-0.00494,0.062743326,-0.043905761,0.011037359 
0.99841,0.00705,-0.05577,-0.00493,-0.032726674,-0.042855761,-0.098942641 
0.99841,0.00702,-0.05575,-0.00493,-0.008636674,-0.018315761,0.049347359 
0.99841,0.00703,-0.05574,-0.00492,-0.060406674,0.034054239,-0.084732641 
0.99841,0.00704,-0.0557,-0.00491,-0.007286674,0.019544239,0.164267359 
0.99841,0.00706,-0.05567,-0.00491,-0.021656674,0.019244239,0.087507359 
0.99841,0.00702,-0.05568,-0.00491,-0.035566674,-0.123665761,-0.075302641 
0.99841,0.00703,-0.05566,-0.00491,0.045533326,0.019834239,0.039617359 
0.99841,0.00705,-0.05567,-0.00491,-0.006986674,0.019544239,-0.051362641 
0.99841,0.00702,-0.05566,-0.0049,-0.035566674,-0.066205761,-0.046572641 
0.99841,0.00705,-0.05566,-0.0049,-0.030186674,0.076854239,-0.017842641 
0.99841,0.00708,-0.05563,-0.0049,-0.062806674,0.014004239,0.034827359 
0.99842,0.00707,-0.05558,-0.00489,-0.005496674,-0.071885761,0.010737359 
0.99842,0.00706,-0.05558,-0.00489,-0.086146674,0.004874239,-0.070662641 
0.99842,0.0071,-0.05554,-0.00488,0.100003326,0.032854239,-0.008562641 
0.99842,0.00709,-0.05558,-0.00488,-0.019706674,-0.014875761,-0.128122641 
0.99842,0.00707,-0.05557,-0.00488,0.042243326,0.009514239,0.116087359 
0.99842,0.00705,-0.05559,-0.00488,0.089233326,-0.018765761,0.053837359 
0.99841,0.00706,-0.05564,-0.00487,0.035803326,0.057544239,0.087507359 
0.99841,0.00711,-0.05568,-0.00487,0.068133326,0.023134239,-0.027422641 
0.99841,0.0072,-0.05573,-0.00486,0.005583326,0.107524239,0.025407359 
0.99841,0.00722,-0.05575,-0.00485,0.000643326,0.001734239,-0.065422641 
0.99841,0.00722,-0.05576,-0.00484,-0.017766674,0.006524239,0.255397359 
0.99841,0.00722,-0.05572,-0.00484,0.049273326,0.016094239,0.039767359 
0.99841,0.00722,-0.05572,-0.00484,-0.013276674,0.016094239,0.030187359 
0.99841,0.00722,-0.05574,-0.00484,-0.003696674,-0.031785761,-0.089372641 
0.99841,0.00716,-0.05574,-0.00483,-0.064746674,-0.097475761,-0.060792641 
0.99841,0.00713,-0.05568,-0.00482,0.050173326,-0.005895761,0.073137359 
0.99841,0.00715,-0.05568,-0.00481,-0.087646674,0.027174239,0.020617359 
0.99841,0.00721,-0.05562,-0.00481,0.083993326,0.054704239,-0.051362641 
0.99841,0.00719,-0.05566,-0.0048,-0.129836674,-0.050195761,0.053987359 
0.99842,0.00715,-0.05558,-0.00479,-0.033476674,-0.035075761,0.135237359 
0.99842,0.00714,-0.05554,-0.00479,0.004683326,0.065774239,0.154387359 
0.99842,0.00722,-0.05555,-0.00478,-0.004746674,0.088074239,0.005947359 
0.99842,0.00733,-0.05555,-0.00476,0.057053326,0.062034239,-0.017992641 
0.99842,0.00732,-0.05557,-0.00476,-0.019556674,-0.009785761,0.010737359 
0.99842,0.00727,-0.05557,-0.00475,0.094763326,0.000834239,0.049047359 
0.99842,0.0072,-0.0556,-0.00475,0.056163326,-0.088795761,0.072987359 
0.99841,0.00722,-0.05561,-0.00475,0.0226,0.025824239,-0.046572641 
